NT: 16
Number of threads: 16
-------------------------------- Test 1 (Squared matrix SVD) OMP --------------------------------
Dimensions, height: 100, width: 100
SVD CUDA Kernel time with U,V calculation: 0.87661
||A-USVt||_F: 5.35278e-14
sigma: 
0.186 0.492 0.569 0.689 0.571 1.109 2.389 0.999 0.691 1.030 2.253 0.886 2.536 0.813 2.706 0.863 2.412 1.124 2.787 1.003 3.181 1.363 3.105 1.337 3.150 1.137 3.364 1.287 3.120 1.355 3.175 1.408 3.173 1.113 3.480 1.209 3.349 1.251 3.965 1.267 3.712 1.163 4.096 1.125 1.911 1.271 4.466 1.181 4.691 0.914 3.097 6.262 2.957 2.926 4.040 3.280 0.942 3.076 7.392 2.787 2.307 3.176 2.514 3.311 3.076 2.509 2.362 2.746 2.294 2.786 2.734 2.748 2.309 2.989 2.242 2.877 2.210 2.817 2.492 2.917 2.197 2.965 2.318 2.892 1.916 2.966 2.115 2.739 1.929 2.548 1.988 2.815 1.865 3.003 1.924 2.618 1.812 2.517 1.800 31.385 
V: 
0.965 0.057 0.000 0.027 -0.000 0.013 -0.000 0.077 0.000 0.025 0.000 -0.071 0.000 0.096 -0.000 -0.064 -0.001 0.070 0.000 -0.009 -0.000 0.032 0.000 -0.021 -0.000 0.039 -0.001 -0.024 0.001 -0.027 0.000 0.017 -0.000 -0.016 -0.000 0.007 0.000 -0.042 -0.002 -0.014 0.000 0.000 0.001 0.020 0.000 0.036 0.001 -0.139 0.000 -0.033 -0.000 -0.001 -0.000 0.011 -0.001 -0.016 -0.000 0.001 -0.001 -0.001 0.000 0.001 0.000 0.029 0.001 -0.017 0.000 -0.017 -0.000 -0.027 -0.000 0.015 0.000 0.016 0.000 -0.010 0.000 -0.004 -0.001 -0.004 -0.000 0.008 0.000 0.007 -0.000 0.018 -0.000 0.004 0.000 -0.024 -0.001 0.013 -0.000 -0.009 -0.000 0.032 -0.000 0.005 0.000 0.002 
-0.033 0.555 0.282 0.000 -0.340 -0.000 0.018 0.001 -0.389 -0.000 -0.013 0.000 -0.050 0.000 0.051 -0.000 -0.005 0.001 -0.026 -0.000 -0.008 -0.000 -0.013 -0.000 -0.032 -0.000 0.068 0.001 0.002 -0.000 -0.038 -0.000 0.009 -0.001 -0.010 0.000 0.004 -0.001 -0.051 -0.001 0.011 0.000 0.032 0.000 0.076 0.001 -0.012 0.000 -0.023 -0.000 -0.008 -0.002 0.010 0.001 0.007 -0.001 -0.542 -0.002 0.022 0.001 -0.013 -0.001 -0.072 -0.003 0.042 0.000 -0.030 -0.002 0.039 -0.001 0.043 -0.001 0.025 0.001 0.023 -0.001 -0.031 -0.001 -0.051 -0.002 0.011 -0.002 0.063 -0.001 -0.006 -0.002 0.008 -0.002 0.040 -0.002 -0.001 -0.003 -0.008 -0.003 -0.007 -0.005 0.055 0.000 0.028 0.003 
-0.010 -0.391 0.768 -0.167 0.000 0.034 -0.000 -0.044 0.000 0.118 0.001 -0.029 0.000 0.115 0.001 0.092 -0.002 0.082 0.001 -0.095 -0.000 0.002 -0.001 0.105 -0.000 -0.084 -0.002 -0.055 0.004 0.032 0.001 -0.069 0.001 -0.175 -0.000 -0.073 0.001 -0.018 -0.006 -0.125 0.002 -0.107 0.001 0.182 -0.000 0.151 0.003 -0.059 0.001 -0.021 0.000 0.012 -0.001 0.002 -0.003 -0.009 -0.000 -0.022 -0.003 0.018 -0.000 -0.007 0.001 0.041 0.001 -0.022 0.001 -0.010 -0.001 -0.074 -0.000 0.004 0.001 -0.009 0.001 -0.026 0.001 -0.018 -0.001 -0.011 -0.001 0.053 0.001 0.039 0.001 -0.025 -0.001 0.031 -0.001 0.023 -0.002 0.051 -0.001 -0.034 -0.001 0.029 0.000 0.045 0.010 0.009 
0.006 -0.472 -0.078 0.755 -0.056 0.000 -0.056 0.000 -0.268 0.000 -0.041 0.000 0.053 0.000 0.054 -0.000 -0.021 0.000 -0.093 -0.000 0.011 0.001 -0.008 0.001 -0.003 -0.000 0.005 0.001 -0.043 0.000 -0.017 0.000 0.009 -0.000 0.037 -0.000 -0.025 -0.000 -0.065 0.000 -0.005 -0.000 0.031 0.001 0.030 0.001 0.021 0.000 -0.042 -0.000 -0.006 -0.004 0.003 0.002 0.021 -0.003 -0.271 -0.002 0.046 0.002 0.017 -0.001 -0.053 -0.005 0.017 0.001 -0.029 -0.003 0.004 -0.001 0.030 -0.001 0.008 -0.000 -0.001 -0.003 -0.008 -0.003 0.025 -0.003 0.007 -0.003 -0.012 -0.002 -0.028 -0.006 0.014 -0.004 0.023 -0.004 -0.031 -0.006 -0.051 -0.004 0.006 0.000 -0.071 0.036 0.029 0.007 
-0.196 0.202 -0.024 0.146 0.325 -0.015 0.000 -0.024 0.000 -0.071 -0.001 -0.074 -0.000 0.375 0.001 -0.214 -0.001 0.094 0.002 -0.020 0.001 0.021 -0.003 0.015 -0.000 0.161 -0.003 0.053 0.007 -0.115 -0.000 -0.029 -0.001 0.123 0.001 0.134 0.004 -0.058 -0.011 -0.056 0.002 -0.131 0.004 0.075 -0.000 0.334 0.005 -0.532 0.001 -0.037 0.001 0.003 -0.002 0.030 -0.004 -0.026 -0.000 -0.016 -0.004 -0.028 -0.001 0.040 0.002 0.129 0.003 -0.128 0.001 -0.063 -0.002 -0.139 -0.001 0.037 0.001 0.037 0.001 -0.035 0.002 -0.027 -0.000 -0.032 -0.001 -0.029 -0.000 0.065 -0.001 0.039 -0.001 0.063 -0.001 -0.066 -0.002 0.010 -0.003 0.028 0.000 0.032 -0.031 0.013 -0.001 0.016 
0.003 -0.104 -0.141 -0.233 0.188 0.773 0.181 0.000 -0.058 0.000 -0.085 -0.000 0.180 0.000 0.054 -0.001 -0.114 -0.000 -0.119 -0.000 -0.009 0.002 0.045 0.002 -0.043 -0.001 0.010 0.001 0.014 0.000 -0.001 -0.001 -0.045 -0.001 0.062 -0.001 -0.032 -0.002 -0.090 0.001 -0.036 0.001 0.033 0.001 0.020 0.003 0.033 -0.000 -0.093 -0.000 0.021 -0.011 0.006 0.006 0.039 -0.004 -0.232 -0.004 0.117 0.004 -0.007 -0.002 -0.046 -0.011 -0.022 0.004 -0.061 -0.006 -0.004 -0.002 0.005 -0.003 0.013 -0.004 -0.055 -0.006 -0.064 -0.006 -0.014 -0.007 -0.101 -0.007 -0.047 -0.004 -0.047 -0.011 0.012 -0.007 0.025 -0.009 0.111 -0.007 0.064 0.000 -0.125 -0.033 -0.083 0.066 0.032 0.017 
0.047 0.106 -0.064 0.093 0.122 -0.138 0.463 -0.057 0.000 -0.093 -0.001 -0.068 0.001 0.183 -0.001 -0.039 -0.001 -0.069 -0.000 0.005 0.002 0.066 -0.004 0.023 0.000 -0.086 -0.003 -0.052 0.008 -0.042 0.001 -0.246 -0.002 -0.084 -0.000 0.256 0.003 -0.092 -0.014 -0.151 0.006 -0.157 0.006 0.230 0.002 0.135 0.008 0.524 0.002 0.236 0.001 0.013 -0.004 -0.037 -0.007 0.059 -0.000 0.037 -0.006 0.017 -0.000 -0.031 0.003 0.060 0.001 -0.022 0.000 -0.003 -0.002 -0.069 -0.001 -0.022 0.003 -0.064 -0.000 0.016 0.002 -0.064 -0.001 0.022 -0.002 0.013 -0.000 0.034 -0.001 -0.047 -0.003 0.034 -0.002 0.048 -0.003 0.029 0.000 -0.005 -0.103 0.015 -0.101 0.067 -0.047 0.026 
-0.068 0.134 0.132 0.148 -0.148 0.075 0.099 0.669 -0.196 0.000 -0.064 0.000 0.014 0.000 0.077 -0.000 -0.141 -0.000 -0.028 0.000 -0.098 0.001 0.057 0.001 -0.155 -0.000 0.077 0.000 0.072 -0.000 -0.078 -0.000 0.058 -0.001 0.019 0.000 -0.069 -0.002 -0.065 0.001 -0.035 0.000 0.037 0.001 0.013 0.002 0.038 0.000 -0.077 -0.000 0.006 -0.010 0.020 0.005 0.020 -0.004 0.466 -0.003 0.086 0.003 0.001 -0.001 0.032 -0.009 -0.067 0.002 -0.028 -0.004 -0.037 -0.002 -0.009 -0.003 0.014 -0.004 -0.142 -0.006 -0.048 -0.006 0.022 -0.006 -0.057 -0.005 -0.092 -0.003 0.013 -0.008 0.037 -0.006 0.025 -0.006 0.123 0.000 0.025 0.029 0.037 0.064 -0.096 0.019 0.069 0.014 
0.013 -0.060 -0.047 0.074 -0.523 0.046 0.415 -0.069 0.350 -0.118 0.000 0.204 -0.001 -0.098 0.001 0.269 0.001 -0.220 -0.000 0.091 -0.000 -0.016 -0.002 -0.045 -0.001 0.020 -0.003 0.094 0.005 -0.037 0.003 -0.021 -0.002 0.063 -0.000 -0.009 0.002 0.033 -0.012 -0.077 0.005 -0.086 0.006 -0.046 0.002 0.194 0.007 -0.274 0.001 -0.127 0.001 0.018 -0.003 -0.011 -0.007 -0.005 -0.000 -0.033 -0.006 -0.060 -0.001 0.020 0.003 0.087 0.000 -0.078 -0.000 -0.022 -0.001 -0.116 -0.002 -0.010 0.002 0.002 0.000 -0.040 0.001 -0.009 -0.000 -0.036 -0.002 -0.052 -0.003 0.065 -0.001 -0.000 -0.003 0.030 -0.001 0.035 0.000 -0.024 0.017 -0.012 -0.084 0.012 -0.020 0.021 -0.041 0.024 
-0.031 0.038 -0.055 -0.006 0.094 -0.275 0.014 0.220 0.401 0.634 0.071 0.000 0.125 0.000 0.030 -0.000 -0.136 -0.000 -0.079 -0.000 -0.030 -0.000 0.077 -0.000 -0.005 0.000 0.040 -0.001 -0.036 -0.001 -0.071 -0.001 0.008 -0.001 0.073 0.001 0.068 -0.003 -0.146 0.000 -0.069 0.000 0.031 0.001 0.102 0.002 -0.022 -0.000 -0.106 -0.001 -0.017 -0.017 -0.002 0.007 0.013 -0.007 -0.293 -0.006 0.149 0.005 0.002 -0.002 -0.088 -0.014 0.020 0.003 -0.107 -0.007 0.032 -0.004 -0.006 -0.004 -0.013 -0.005 -0.108 -0.010 -0.019 -0.008 0.054 -0.010 -0.096 -0.011 -0.067 -0.007 -0.015 -0.011 0.075 -0.008 0.016 0.000 0.045 0.019 0.061 0.024 -0.034 -0.019 -0.022 0.024 -0.055 0.023 
-0.052 -0.017 -0.193 -0.063 0.155 -0.112 0.324 0.014 -0.261 0.067 0.222 -0.109 0.000 -0.213 0.001 0.014 0.001 -0.049 -0.000 0.031 -0.002 0.160 -0.001 0.006 -0.001 -0.176 -0.002 -0.209 0.003 0.087 0.000 -0.101 -0.002 -0.355 0.001 -0.210 0.005 -0.267 -0.012 -0.163 0.005 0.092 0.008 -0.002 0.002 -0.130 0.007 -0.265 0.002 -0.170 0.000 0.033 -0.003 0.010 -0.007 -0.045 0.000 -0.021 -0.006 -0.055 -0.001 -0.051 0.002 0.084 0.001 0.013 -0.001 -0.030 -0.000 -0.106 -0.002 0.027 0.001 0.007 0.001 -0.077 0.000 0.024 -0.001 0.002 -0.003 0.053 -0.004 0.022 -0.003 0.056 -0.003 0.038 0.000 0.010 -0.041 0.031 -0.036 -0.110 0.106 0.118 0.177 -0.045 0.034 0.029 
0.074 0.047 0.046 -0.028 0.173 -0.085 -0.022 -0.240 -0.195 -0.041 0.086 0.734 0.013 0.000 -0.069 0.000 -0.031 -0.001 0.051 -0.000 0.024 -0.000 0.085 -0.001 -0.074 0.000 0.107 -0.002 -0.107 -0.002 -0.101 -0.001 0.028 -0.001 0.069 0.002 -0.059 -0.003 -0.186 0.000 -0.061 0.001 0.088 0.001 0.050 0.002 0.018 -0.001 -0.105 -0.001 -0.038 -0.021 0.014 0.008 0.018 -0.007 0.132 -0.007 0.162 0.006 0.012 -0.004 -0.055 -0.016 -0.034 0.002 -0.025 -0.007 0.001 -0.004 -0.019 -0.005 0.044 -0.008 -0.135 -0.013 -0.006 -0.010 0.115 -0.011 -0.051 -0.013 -0.062 -0.008 0.104 -0.011 0.245 0.000 0.012 0.026 -0.050 -0.033 -0.063 0.021 -0.027 0.009 0.015 0.004 -0.104 0.031 
-0.009 0.002 0.176 0.089 0.027 0.013 0.148 -0.004 0.089 -0.119 0.255 -0.045 0.309 0.204 0.000 0.015 0.002 -0.013 -0.000 0.009 -0.002 0.025 -0.001 -0.074 -0.000 0.245 -0.001 0.270 0.002 -0.232 -0.001 -0.193 -0.003 -0.070 0.000 -0.122 0.004 0.028 -0.014 0.352 0.007 0.129 0.012 0.020 0.001 -0.349 0.009 0.034 0.002 0.058 0.001 0.038 -0.004 -0.027 -0.010 0.015 0.000 0.026 -0.007 -0.075 -0.001 -0.021 0.001 0.016 0.003 0.030 -0.001 -0.047 -0.001 -0.032 -0.003 -0.002 0.001 0.017 0.001 -0.077 -0.001 -0.046 -0.002 -0.038 -0.004 -0.002 -0.007 0.030 -0.003 0.142 0.000 -0.022 -0.134 0.012 0.151 -0.071 -0.117 0.024 0.025 0.031 0.281 -0.019 -0.078 0.035 
-0.040 -0.300 -0.326 -0.363 -0.388 -0.132 -0.064 0.039 -0.270 0.058 0.029 -0.074 -0.049 0.598 0.005 0.000 -0.041 -0.000 0.027 0.000 0.038 -0.000 0.026 -0.000 -0.027 0.000 0.011 -0.001 -0.050 -0.000 -0.025 0.000 0.013 -0.000 0.007 0.001 0.004 -0.001 -0.031 0.000 -0.004 0.000 0.032 0.000 0.080 0.000 0.019 0.000 -0.023 -0.000 -0.025 -0.011 -0.024 0.003 0.002 -0.004 -0.008 -0.003 0.083 0.002 -0.000 -0.002 -0.032 -0.007 -0.019 0.001 -0.030 -0.004 0.024 -0.003 -0.006 -0.003 0.005 -0.004 -0.093 -0.006 0.017 -0.005 0.042 -0.005 -0.003 -0.004 0.019 -0.002 0.039 0.000 0.040 0.001 -0.023 0.001 -0.017 0.020 -0.049 -0.007 -0.048 -0.002 0.071 -0.018 -0.022 0.014 
0.039 -0.102 -0.036 -0.188 -0.030 -0.142 0.001 -0.046 -0.154 -0.051 0.103 -0.066 0.316 -0.252 0.555 -0.107 0.000 -0.072 0.002 -0.100 -0.003 -0.161 -0.006 0.108 0.003 -0.080 -0.004 0.057 -0.001 -0.109 -0.002 -0.019 -0.003 0.233 0.003 0.139 0.006 0.088 -0.017 0.072 0.011 -0.048 0.017 0.092 0.003 0.047 0.012 -0.004 0.003 -0.013 0.001 0.044 -0.005 -0.037 -0.016 -0.011 0.000 -0.007 -0.011 -0.063 -0.001 -0.011 0.003 0.074 0.001 -0.086 -0.003 -0.039 -0.001 -0.124 -0.004 -0.034 -0.002 0.035 -0.001 -0.052 -0.001 -0.039 -0.005 -0.005 -0.007 0.049 -0.006 0.126 0.000 -0.019 0.137 0.009 -0.064 -0.050 -0.092 -0.027 0.128 0.016 0.296 -0.023 -0.139 -0.058 -0.032 0.048 
0.020 0.120 -0.004 0.059 0.168 -0.011 -0.139 -0.151 0.068 -0.177 -0.026 -0.362 -0.131 0.028 0.170 0.644 -0.049 0.000 -0.046 -0.000 0.061 -0.001 0.129 -0.001 -0.105 -0.000 0.080 -0.003 -0.030 -0.000 -0.094 0.000 0.039 -0.000 0.066 0.002 -0.020 -0.002 -0.074 0.001 -0.063 0.001 0.158 -0.000 0.160 0.001 0.019 0.001 -0.107 -0.000 -0.083 -0.026 -0.001 0.008 -0.016 -0.008 0.072 -0.008 0.203 0.004 0.009 -0.006 -0.055 -0.017 -0.077 0.001 -0.037 -0.008 0.066 -0.008 -0.014 -0.008 0.001 -0.011 -0.155 -0.015 0.000 -0.012 0.060 -0.012 0.012 -0.010 0.100 0.000 0.074 0.003 0.104 -0.010 -0.039 -0.038 -0.130 -0.004 -0.030 -0.041 0.013 0.009 0.041 0.026 0.016 0.033 
-0.020 0.001 0.085 0.005 -0.011 0.120 -0.008 0.089 0.064 0.107 0.017 0.007 0.074 0.087 0.103 -0.009 0.478 -0.126 0.000 0.027 -0.002 -0.055 -0.001 0.007 0.002 0.036 -0.001 0.085 -0.002 0.048 -0.002 0.233 -0.003 0.080 0.005 0.030 0.004 -0.528 -0.012 -0.000 0.007 0.132 0.014 -0.201 0.001 0.024 0.009 0.094 0.000 0.113 0.001 0.057 -0.003 -0.059 -0.013 0.001 0.001 0.007 -0.009 -0.126 -0.002 -0.012 0.001 0.040 -0.000 -0.036 -0.005 -0.090 -0.002 -0.064 -0.005 0.046 -0.002 -0.014 -0.003 0.051 -0.003 -0.026 -0.004 -0.004 -0.005 0.113 0.000 -0.068 0.236 0.026 0.052 0.045 0.039 0.014 -0.217 -0.063 -0.226 -0.012 -0.049 0.087 -0.106 -0.009 0.028 0.039 
-0.042 0.007 -0.019 -0.015 -0.217 -0.048 0.124 -0.155 0.092 -0.084 0.014 -0.129 0.078 -0.190 -0.024 -0.214 0.097 0.695 -0.070 0.000 0.098 -0.000 0.111 -0.001 0.033 0.000 -0.094 -0.003 0.003 0.001 -0.045 0.001 0.132 0.001 0.029 0.002 -0.039 -0.002 -0.035 0.001 -0.111 0.001 0.085 -0.002 0.011 0.000 0.119 0.001 -0.111 0.001 -0.004 -0.025 -0.001 0.007 0.067 -0.008 0.039 -0.007 0.184 0.004 -0.003 -0.005 -0.033 -0.015 -0.052 0.001 0.005 -0.008 -0.099 -0.008 -0.005 -0.009 -0.116 -0.011 -0.152 -0.016 -0.020 -0.012 0.020 -0.010 0.121 0.000 -0.131 -0.039 0.091 -0.015 -0.030 0.037 -0.029 0.000 -0.021 -0.006 -0.123 0.027 -0.128 0.069 -0.047 -0.037 0.094 0.044 
-0.022 0.040 -0.087 0.102 0.003 0.122 0.061 0.118 0.027 0.093 -0.045 0.071 -0.053 0.061 0.161 0.035 0.342 0.171 0.417 0.045 0.000 0.047 -0.001 0.093 0.003 -0.008 -0.002 -0.115 -0.001 0.082 -0.003 0.084 -0.003 -0.264 0.006 -0.086 0.005 0.209 -0.012 0.364 0.007 -0.096 0.015 0.130 0.001 0.084 0.011 0.004 0.000 0.014 0.002 0.050 -0.005 -0.067 -0.017 -0.016 0.001 0.011 -0.012 -0.062 -0.003 -0.029 0.001 0.010 -0.002 -0.046 -0.006 -0.029 -0.004 -0.083 -0.007 -0.015 -0.005 0.045 -0.005 0.009 -0.005 0.045 -0.005 0.086 0.000 0.017 0.138 -0.028 -0.122 -0.074 0.100 0.002 -0.024 0.091 -0.207 0.040 0.269 0.031 -0.090 -0.078 0.131 0.033 -0.060 0.050 
0.012 -0.057 0.134 -0.006 -0.018 0.026 -0.064 -0.101 0.031 -0.026 -0.021 -0.204 -0.092 -0.093 -0.016 -0.403 -0.047 -0.310 0.099 0.647 0.024 0.000 0.035 -0.000 -0.136 0.000 0.094 -0.002 0.017 0.001 -0.027 0.002 0.057 -0.000 -0.042 0.002 -0.052 -0.001 0.010 0.002 -0.066 0.000 0.155 -0.002 0.042 0.001 0.064 0.001 -0.069 0.001 -0.089 -0.026 -0.000 0.007 -0.025 -0.008 0.026 -0.008 0.186 0.003 0.000 -0.006 -0.048 -0.014 -0.001 -0.001 0.024 -0.009 0.002 -0.008 -0.059 -0.011 -0.027 -0.010 -0.082 -0.014 0.019 -0.008 0.147 0.000 0.034 -0.011 0.021 0.074 -0.008 -0.035 0.018 -0.001 -0.141 0.043 -0.048 0.000 0.051 -0.013 -0.078 -0.082 0.067 -0.038 -0.024 0.034 
0.008 -0.005 0.038 0.028 0.044 -0.047 -0.049 0.023 0.034 -0.068 0.128 0.015 0.032 0.048 0.197 -0.022 0.045 0.021 0.260 0.049 0.463 -0.000 0.000 -0.004 0.001 0.071 -0.002 0.094 0.000 0.018 -0.003 -0.013 -0.004 0.100 0.005 -0.117 0.004 0.066 -0.010 -0.375 0.007 -0.008 0.019 -0.131 -0.002 -0.129 0.013 0.052 -0.002 0.048 0.002 0.035 -0.005 -0.057 -0.019 0.014 -0.000 -0.044 -0.013 -0.109 -0.004 -0.019 -0.002 0.034 -0.003 -0.013 -0.007 -0.003 -0.006 -0.100 -0.009 -0.070 -0.006 -0.011 -0.008 0.045 -0.006 0.190 0.000 0.008 -0.210 -0.031 0.064 -0.054 -0.170 -0.024 0.014 -0.025 0.357 -0.037 0.228 0.027 0.065 -0.011 -0.161 0.051 0.041 -0.020 0.200 0.059 
-0.013 -0.005 0.004 -0.029 -0.052 0.040 -0.121 0.068 0.118 -0.105 0.047 0.030 -0.013 -0.040 0.072 -0.150 0.070 -0.183 -0.026 -0.351 0.048 0.632 0.010 0.000 0.027 0.000 -0.014 -0.000 -0.057 0.000 -0.062 0.002 0.201 -0.000 -0.122 0.002 -0.106 -0.002 0.014 0.002 0.025 0.001 0.141 -0.002 0.001 0.001 0.074 0.001 -0.088 0.002 -0.115 -0.032 0.007 0.007 -0.019 -0.009 -0.027 -0.009 0.204 0.002 -0.004 -0.007 -0.058 -0.016 0.033 -0.001 -0.049 -0.010 -0.022 -0.011 -0.037 -0.013 -0.044 -0.011 0.042 -0.011 0.283 0.000 -0.055 -0.026 0.105 -0.029 0.126 0.026 -0.079 0.038 -0.047 -0.028 -0.025 0.116 0.037 0.076 -0.047 -0.015 0.029 -0.094 -0.113 0.045 -0.047 0.044 
-0.007 -0.065 0.045 -0.047 -0.019 -0.060 0.070 -0.076 -0.099 0.098 -0.289 -0.077 -0.116 -0.120 -0.142 0.013 -0.056 -0.100 0.222 -0.091 0.316 0.030 0.261 -0.162 0.000 -0.078 0.000 0.071 0.001 -0.052 -0.002 -0.040 -0.004 -0.098 0.003 0.381 0.002 -0.066 -0.007 0.307 0.004 0.114 0.015 0.129 -0.002 -0.163 0.010 -0.145 -0.003 -0.035 0.002 0.021 -0.004 -0.051 -0.014 -0.014 -0.001 -0.016 -0.009 -0.048 -0.003 0.020 -0.002 0.036 -0.003 -0.140 -0.008 -0.063 -0.006 -0.008 -0.009 0.122 -0.007 0.069 -0.006 0.101 0.000 0.021 -0.046 -0.009 -0.188 0.013 -0.099 -0.027 0.100 0.057 -0.115 -0.052 0.126 -0.036 0.083 -0.071 -0.018 0.028 0.023 0.037 -0.168 -0.020 -0.065 0.045 
0.013 0.181 -0.037 0.134 -0.110 0.124 -0.010 -0.215 -0.125 0.345 0.074 -0.015 0.172 0.088 -0.100 0.098 -0.050 -0.087 -0.031 -0.003 0.156 -0.132 0.068 0.452 0.101 0.000 -0.113 0.000 -0.059 0.000 0.111 0.001 0.088 -0.001 -0.027 0.002 0.003 -0.001 0.056 0.002 -0.084 0.001 0.118 -0.001 -0.080 -0.000 0.074 0.000 -0.091 0.001 -0.070 -0.029 -0.014 0.005 -0.015 -0.008 0.278 -0.009 0.192 0.000 -0.003 -0.008 0.015 -0.011 0.045 -0.003 0.002 -0.010 -0.091 -0.011 -0.002 -0.010 -0.061 -0.008 0.346 0.000 -0.032 -0.011 -0.015 -0.011 0.026 0.016 0.027 -0.001 -0.010 -0.013 -0.184 0.016 -0.002 0.066 0.031 0.037 0.014 -0.049 0.081 -0.095 -0.009 0.052 0.032 0.043 
-0.005 -0.000 0.039 0.014 -0.015 0.086 -0.034 0.107 -0.058 -0.035 0.206 0.024 -0.143 -0.031 0.023 0.058 -0.144 0.013 -0.037 0.043 0.046 -0.019 0.199 -0.117 0.564 0.052 0.000 -0.089 0.002 0.190 -0.003 0.111 -0.003 0.211 0.001 -0.034 0.003 -0.153 -0.007 -0.006 0.003 -0.225 0.018 0.121 -0.000 -0.095 0.014 0.061 -0.005 0.099 0.001 0.057 -0.006 -0.048 -0.020 -0.032 -0.000 -0.033 -0.011 -0.056 -0.007 0.015 -0.005 0.077 -0.007 -0.101 -0.012 -0.063 -0.008 -0.038 -0.014 0.084 -0.008 0.264 0.000 0.013 0.109 0.013 0.162 -0.016 0.003 -0.062 -0.110 -0.063 -0.099 -0.039 -0.088 0.091 -0.176 -0.051 -0.019 -0.022 0.064 0.063 -0.044 0.015 0.113 -0.028 -0.179 0.071 
0.020 -0.157 -0.037 -0.149 0.134 -0.157 0.137 0.248 -0.023 -0.190 -0.099 0.010 -0.166 -0.196 -0.129 -0.030 0.010 -0.093 0.062 -0.187 -0.006 -0.270 0.006 0.341 0.021 0.482 0.040 0.000 -0.093 0.001 0.039 0.001 0.066 -0.000 -0.097 0.001 0.022 -0.000 0.025 0.002 -0.114 0.000 0.120 -0.001 0.037 -0.001 0.107 0.001 -0.065 0.001 -0.035 -0.024 -0.018 0.004 0.034 -0.007 -0.173 -0.007 0.153 -0.000 -0.031 -0.008 -0.027 -0.009 0.065 -0.005 0.027 -0.009 -0.007 -0.010 0.074 -0.006 0.188 0.000 0.022 0.006 -0.036 -0.010 -0.045 -0.006 0.085 0.015 0.077 0.011 0.039 -0.019 -0.094 0.020 0.022 0.005 -0.051 -0.033 -0.013 -0.006 -0.105 0.040 0.082 -0.010 0.016 0.042 
-0.004 0.028 -0.015 0.015 0.002 0.001 -0.018 -0.072 0.017 0.010 0.105 -0.019 -0.050 0.044 0.013 -0.038 -0.118 0.006 0.185 -0.127 0.024 -0.068 -0.096 -0.047 0.038 -0.014 0.456 -0.065 0.000 -0.185 -0.002 -0.021 -0.001 -0.103 -0.002 -0.271 0.004 0.112 -0.006 -0.044 -0.000 0.059 0.018 -0.171 -0.001 0.040 0.015 0.070 -0.008 0.014 0.001 0.062 -0.007 -0.082 -0.023 0.025 -0.000 -0.072 -0.012 -0.160 -0.009 0.050 -0.007 0.077 -0.007 -0.092 -0.016 -0.071 -0.010 0.038 -0.013 0.292 0.000 -0.038 0.018 -0.021 -0.134 -0.028 -0.051 -0.003 0.011 0.023 -0.080 -0.050 0.004 0.019 -0.192 -0.065 -0.310 -0.023 -0.069 0.032 -0.009 -0.055 -0.087 0.024 -0.400 -0.015 0.029 0.083 
0.025 -0.033 -0.025 0.001 0.117 0.016 0.018 0.121 0.070 -0.066 0.072 0.127 -0.206 0.088 -0.027 -0.009 0.014 0.039 -0.001 0.012 -0.040 -0.164 0.037 -0.055 0.046 -0.503 0.024 0.441 0.036 0.000 0.048 0.000 0.088 -0.000 -0.196 -0.000 0.064 0.000 0.073 0.001 0.005 -0.001 0.037 -0.002 -0.063 -0.002 0.151 0.003 -0.079 0.001 -0.046 -0.032 0.001 0.003 0.027 -0.011 -0.085 -0.012 0.208 -0.004 -0.048 -0.012 -0.062 -0.010 0.091 -0.010 0.069 -0.011 0.009 -0.012 0.305 0.000 -0.069 0.007 -0.015 -0.031 -0.057 -0.055 -0.134 -0.007 0.011 0.002 0.128 -0.053 -0.041 0.032 -0.088 0.073 -0.044 0.014 -0.014 -0.023 0.077 0.044 0.163 0.063 0.080 -0.050 0.146 0.064 
0.008 0.009 -0.077 0.015 0.003 -0.009 -0.030 -0.040 -0.010 -0.005 -0.015 -0.045 -0.003 -0.009 0.080 -0.011 0.167 -0.038 -0.032 0.075 -0.112 0.051 0.072 0.097 0.344 0.036 0.231 0.146 0.329 0.071 0.000 -0.007 -0.002 -0.094 -0.004 -0.108 0.005 0.182 -0.004 -0.078 -0.000 0.244 0.012 0.257 -0.000 0.137 0.013 -0.011 -0.007 -0.027 0.001 0.013 -0.008 -0.038 -0.020 -0.007 0.000 -0.063 -0.011 -0.004 -0.008 0.061 -0.008 0.074 -0.007 -0.052 -0.011 0.010 -0.007 0.266 0.000 -0.021 0.094 -0.014 -0.051 -0.023 -0.003 -0.021 0.002 -0.012 -0.002 0.008 -0.060 0.066 0.355 -0.029 0.072 0.041 0.241 0.094 0.247 0.075 -0.069 -0.030 0.043 -0.065 0.021 0.074 -0.056 0.072 
0.008 0.019 0.041 0.024 -0.004 -0.066 0.079 -0.164 -0.045 0.053 -0.057 -0.046 0.157 0.053 0.021 -0.014 -0.004 -0.072 0.047 -0.121 -0.098 -0.042 -0.101 -0.338 -0.048 0.271 0.014 0.021 0.075 0.564 0.091 0.000 0.097 -0.000 -0.025 -0.001 0.001 0.000 -0.019 0.000 -0.022 0.000 -0.163 -0.001 -0.167 0.000 0.181 0.002 -0.056 0.001 -0.042 -0.030 -0.027 0.001 0.023 -0.010 0.079 -0.013 0.210 -0.006 -0.059 -0.012 -0.073 -0.008 0.090 -0.011 0.113 -0.008 0.233 0.000 -0.062 0.046 -0.082 -0.051 -0.064 0.011 -0.162 0.053 -0.114 0.008 -0.062 -0.063 0.035 0.001 -0.027 -0.068 -0.018 0.032 -0.072 -0.019 0.021 0.003 0.072 0.004 0.104 -0.054 -0.018 0.016 0.087 0.063 
0.003 -0.008 0.006 -0.037 0.024 -0.027 -0.066 0.081 0.043 -0.029 -0.151 0.071 0.195 0.005 0.061 0.051 -0.090 0.036 -0.030 0.109 -0.005 0.189 -0.125 0.102 0.143 -0.067 0.361 -0.047 -0.057 0.054 0.288 -0.012 0.000 -0.004 -0.002 0.287 0.002 0.010 -0.005 0.058 -0.002 -0.106 0.009 -0.015 -0.002 -0.021 0.012 0.004 -0.011 -0.142 -0.000 0.071 -0.009 -0.066 -0.021 -0.003 0.001 -0.072 -0.008 -0.116 -0.011 0.063 -0.013 0.091 -0.005 -0.017 -0.009 0.378 0.000 -0.017 -0.043 -0.047 -0.038 -0.015 0.007 -0.023 -0.101 0.001 -0.029 -0.006 0.020 -0.006 -0.061 -0.073 -0.086 0.014 -0.073 -0.085 0.045 0.006 -0.184 -0.057 -0.266 0.054 -0.062 0.048 0.243 0.003 0.213 0.083 
-0.013 0.014 0.039 0.086 -0.014 -0.043 0.091 -0.092 0.007 -0.016 -0.085 -0.077 0.088 0.019 0.007 -0.099 0.001 -0.112 -0.077 -0.247 -0.026 -0.133 -0.010 -0.052 0.003 -0.209 0.084 -0.233 0.062 -0.228 0.118 0.414 -0.015 0.000 0.003 -0.001 0.132 -0.000 0.072 0.001 0.016 0.000 -0.029 -0.000 0.096 0.000 0.044 0.001 -0.087 0.002 -0.065 -0.026 0.056 -0.000 0.001 -0.009 0.062 -0.012 0.148 -0.007 -0.111 -0.012 0.042 -0.004 0.054 -0.009 0.359 0.000 -0.029 0.012 -0.105 0.005 0.032 0.008 -0.073 0.036 0.051 0.017 -0.072 -0.005 -0.019 0.025 0.070 -0.051 -0.036 0.015 0.174 -0.047 -0.026 -0.109 0.228 0.024 0.029 -0.002 -0.240 0.006 0.234 -0.055 -0.122 0.061 
0.009 0.004 -0.028 -0.025 -0.033 0.012 -0.075 -0.037 -0.007 0.048 -0.191 0.029 0.001 -0.020 -0.044 0.026 0.193 -0.096 -0.074 -0.009 -0.094 -0.132 0.022 -0.068 0.135 -0.007 0.034 -0.167 0.103 -0.166 0.139 -0.363 0.416 0.000 0.000 -0.097 0.002 -0.020 -0.003 0.025 -0.001 -0.218 0.006 -0.078 -0.001 -0.068 0.010 -0.150 -0.010 0.298 -0.001 0.038 -0.009 -0.022 -0.019 -0.022 0.001 0.004 -0.006 -0.037 -0.011 0.096 -0.011 0.046 -0.004 0.362 0.000 -0.045 -0.094 0.044 0.010 0.006 -0.085 0.098 -0.147 0.030 0.018 0.024 -0.024 0.017 -0.129 0.047 -0.003 0.074 -0.092 0.042 0.072 -0.022 0.103 -0.055 -0.030 0.015 0.014 -0.058 0.044 -0.010 -0.038 -0.057 0.057 0.073 
-0.002 -0.080 0.016 -0.004 0.025 0.059 0.054 0.076 -0.040 0.081 0.099 0.005 -0.052 -0.058 -0.119 0.112 0.093 0.165 0.192 0.121 -0.005 0.104 -0.004 -0.051 -0.100 -0.014 0.084 -0.237 0.029 -0.086 0.064 -0.208 -0.158 0.420 -0.076 0.000 -0.016 -0.000 0.062 0.001 0.261 -0.000 -0.147 0.001 0.076 0.000 -0.009 0.000 -0.086 0.003 -0.118 -0.030 -0.034 -0.005 0.034 -0.012 -0.020 -0.014 0.219 -0.009 -0.156 -0.012 0.172 -0.004 0.350 0.000 -0.091 -0.006 -0.054 -0.003 -0.049 -0.034 0.018 -0.003 0.044 0.017 -0.095 0.019 -0.084 0.051 0.067 -0.024 0.121 -0.001 0.172 -0.004 -0.002 -0.042 0.008 -0.048 0.082 0.009 -0.077 -0.027 0.127 -0.033 0.025 0.020 -0.132 0.071 
-0.002 -0.024 0.057 -0.017 0.021 0.002 0.073 -0.042 -0.032 -0.005 0.158 -0.077 -0.118 0.030 -0.233 -0.008 -0.039 -0.017 -0.023 -0.058 -0.094 0.036 -0.083 -0.060 -0.073 0.023 0.012 -0.006 0.035 -0.055 0.167 0.128 0.254 0.226 0.349 0.019 0.000 0.015 -0.002 0.058 -0.001 0.242 0.004 0.124 0.001 0.020 0.008 0.121 -0.015 -0.254 -0.003 0.119 -0.011 -0.185 -0.021 -0.017 0.001 0.184 -0.002 -0.169 -0.013 0.171 -0.007 0.154 0.000 0.044 -0.092 -0.140 -0.097 -0.034 0.081 -0.063 -0.001 -0.077 0.021 -0.022 0.072 -0.013 0.114 -0.019 0.047 -0.023 -0.083 -0.070 -0.112 -0.053 0.078 -0.014 0.172 0.015 -0.132 -0.033 0.230 -0.015 0.047 -0.018 0.006 0.036 0.148 0.084 
-0.008 0.021 -0.020 0.023 -0.096 0.116 -0.117 -0.045 0.053 0.032 0.289 -0.024 -0.117 -0.049 -0.008 -0.026 -0.029 -0.005 -0.019 -0.013 -0.094 -0.100 -0.056 0.096 0.035 0.073 0.038 -0.014 -0.028 -0.081 -0.165 -0.014 0.064 -0.242 -0.046 0.268 0.056 0.000 0.078 0.001 0.170 -0.000 -0.319 0.002 -0.142 -0.000 0.163 0.000 0.027 0.004 -0.120 -0.028 -0.036 -0.011 0.008 -0.014 -0.052 -0.012 0.205 -0.016 0.066 -0.007 0.420 0.000 -0.198 -0.035 -0.020 0.014 0.129 0.011 -0.037 0.042 0.077 0.015 -0.112 -0.038 0.009 0.017 0.168 -0.003 -0.033 0.029 0.063 -0.001 -0.164 0.030 0.095 -0.034 0.153 -0.017 -0.007 -0.060 -0.109 0.025 0.026 0.066 -0.078 0.012 0.012 0.087 
-0.019 0.024 -0.056 0.003 -0.079 0.025 -0.069 0.057 0.049 -0.101 0.052 0.002 0.026 -0.032 -0.014 -0.007 -0.065 0.089 -0.065 0.065 0.138 0.034 -0.052 0.038 -0.160 0.063 0.109 0.143 -0.090 0.019 0.331 0.044 -0.029 -0.164 0.046 -0.118 0.253 -0.183 0.000 -0.059 -0.000 -0.139 0.002 0.205 0.001 -0.115 0.008 -0.054 -0.015 0.083 -0.004 0.101 -0.013 -0.109 -0.021 -0.011 -0.000 0.032 -0.004 0.242 -0.008 0.394 0.000 -0.224 0.139 -0.083 -0.014 0.073 0.046 0.023 -0.074 0.062 -0.042 0.031 0.060 0.084 0.023 -0.034 0.010 0.026 0.037 0.034 0.061 0.025 0.019 0.065 0.196 0.105 0.063 0.008 -0.013 -0.000 0.096 0.002 0.066 0.067 -0.181 0.021 -0.188 0.094 
-0.003 0.013 0.045 -0.075 0.113 -0.111 0.089 0.115 -0.070 -0.049 -0.031 0.099 0.014 0.065 0.077 0.114 0.088 -0.035 -0.158 0.217 0.067 0.065 0.066 -0.164 0.087 0.069 -0.220 -0.128 -0.013 -0.176 0.093 0.199 -0.038 -0.100 0.134 -0.065 0.103 0.225 0.188 0.000 0.041 -0.001 -0.091 0.002 -0.118 -0.001 0.120 -0.000 -0.004 0.003 -0.079 -0.021 -0.059 -0.015 0.089 -0.013 -0.056 -0.009 0.181 -0.013 0.528 0.000 -0.067 -0.016 0.138 0.007 -0.000 0.017 -0.064 0.001 -0.021 -0.026 0.017 0.010 0.073 0.014 0.026 0.010 -0.068 -0.017 -0.054 0.006 -0.039 0.029 0.064 -0.028 -0.076 -0.050 -0.064 -0.040 -0.045 0.014 -0.096 0.044 0.029 -0.002 -0.161 0.003 0.111 0.086 
-0.001 -0.023 -0.012 0.035 -0.053 0.055 -0.113 -0.012 -0.040 0.063 0.046 0.032 -0.090 -0.064 0.016 0.010 0.105 0.018 0.080 -0.079 0.008 0.101 0.062 0.102 -0.053 0.081 -0.017 0.113 0.219 -0.045 0.091 -0.080 -0.005 -0.068 0.205 0.217 0.107 -0.019 0.186 -0.191 0.000 -0.030 -0.000 -0.220 0.000 -0.032 0.006 0.020 -0.013 -0.024 -0.004 0.083 -0.015 -0.070 -0.020 0.013 -0.000 0.076 -0.006 0.426 0.000 -0.124 -0.041 0.276 0.037 -0.007 -0.090 -0.004 0.024 0.020 -0.004 0.005 0.041 -0.012 -0.046 -0.085 0.012 0.011 -0.117 -0.003 -0.133 -0.042 -0.155 0.023 0.077 0.015 0.089 -0.054 -0.362 -0.014 0.033 -0.059 0.160 0.055 -0.057 0.032 0.154 0.035 0.030 0.100 
0.007 0.026 0.022 0.026 -0.031 -0.023 0.025 -0.084 -0.018 0.061 -0.143 -0.029 -0.213 -0.039 0.145 -0.135 -0.097 -0.067 -0.046 -0.147 0.000 0.026 -0.049 0.006 0.079 -0.011 -0.097 0.126 0.057 -0.036 0.099 -0.195 -0.333 0.089 0.026 -0.214 0.172 -0.098 -0.058 0.137 0.227 0.000 -0.030 -0.000 -0.135 -0.000 -0.223 -0.001 -0.000 0.002 -0.195 -0.014 -0.094 -0.017 0.264 -0.006 0.110 -0.004 0.228 0.000 0.004 0.011 -0.112 0.003 -0.234 0.028 -0.087 -0.022 -0.012 -0.002 -0.093 -0.032 0.089 0.014 -0.001 0.008 -0.064 -0.038 -0.035 -0.012 0.051 0.015 -0.098 0.004 -0.048 0.025 0.064 0.046 0.091 0.038 -0.159 0.016 0.006 -0.028 -0.188 -0.049 0.059 -0.013 0.138 0.065 
-0.010 0.007 0.007 0.001 0.001 0.017 0.051 0.023 0.016 0.019 -0.246 0.043 0.076 0.001 0.092 0.004 -0.148 0.095 0.106 0.043 0.034 -0.051 0.139 -0.029 0.078 0.025 0.028 0.048 -0.065 -0.014 0.094 0.036 0.147 -0.028 0.024 -0.051 -0.024 0.009 0.064 -0.198 0.269 0.355 0.000 -0.027 0.000 0.146 0.002 -0.064 -0.013 0.169 -0.007 0.110 -0.014 0.029 -0.014 0.202 -0.000 0.447 0.000 -0.005 -0.012 -0.195 -0.011 -0.161 -0.049 0.007 -0.061 0.053 0.066 -0.035 -0.014 0.120 0.038 -0.025 0.007 0.025 0.081 -0.060 0.027 0.052 0.067 0.004 0.015 0.023 -0.188 -0.033 -0.012 0.018 -0.040 0.033 -0.072 -0.018 -0.113 -0.042 0.113 0.021 0.121 0.014 -0.195 0.097 
-0.011 0.061 0.009 0.058 -0.069 -0.001 -0.168 0.081 0.235 -0.291 -0.055 0.054 0.185 0.142 -0.019 -0.065 -0.104 -0.058 0.114 -0.050 -0.013 -0.054 0.164 0.144 -0.003 -0.177 -0.051 -0.274 -0.031 0.123 -0.023 -0.164 -0.111 -0.020 0.182 -0.044 -0.014 -0.124 0.033 0.029 -0.134 0.126 -0.073 0.000 0.015 0.000 0.258 -0.001 0.282 0.001 -0.147 -0.012 0.161 -0.017 0.309 0.000 -0.122 0.000 0.051 -0.005 -0.023 0.004 -0.032 0.008 0.010 0.011 -0.006 -0.017 -0.015 -0.012 0.028 0.028 0.021 -0.012 0.049 0.006 -0.015 0.035 0.077 0.025 -0.059 0.025 -0.102 -0.019 0.139 0.003 -0.017 -0.033 0.012 0.021 0.005 0.030 0.123 -0.096 0.108 0.033 0.032 -0.052 0.019 0.102 
0.013 -0.014 -0.015 -0.021 0.046 -0.033 -0.016 -0.020 -0.001 0.029 -0.019 0.031 0.003 -0.003 0.076 -0.007 -0.090 0.055 -0.028 0.040 0.005 -0.100 -0.036 -0.040 -0.098 -0.032 -0.002 -0.025 0.120 0.147 -0.028 -0.044 0.097 -0.089 0.217 0.031 -0.061 -0.079 0.158 0.182 0.201 -0.165 0.181 -0.172 0.000 0.109 0.002 0.043 -0.010 -0.094 -0.011 0.262 -0.012 0.126 -0.010 0.456 0.000 -0.280 -0.002 -0.074 0.035 0.059 -0.008 -0.025 0.023 0.030 -0.072 -0.084 0.100 -0.013 0.092 -0.067 0.151 0.081 0.123 -0.021 0.132 0.025 -0.006 -0.070 0.209 0.013 0.052 -0.068 0.036 0.037 0.007 -0.010 0.059 0.007 0.234 0.008 -0.036 -0.003 -0.054 0.046 -0.021 -0.069 -0.053 0.110 
0.007 0.000 -0.114 -0.046 0.014 -0.056 -0.098 -0.032 -0.094 0.126 -0.048 0.031 0.133 -0.146 -0.062 0.140 0.032 -0.013 0.153 0.064 -0.071 0.049 -0.046 -0.035 -0.132 0.041 0.035 0.147 0.018 -0.148 -0.141 0.196 0.167 0.099 0.052 -0.139 -0.146 -0.148 0.107 -0.039 0.095 -0.196 -0.017 0.406 -0.004 0.000 0.077 -0.001 0.271 0.001 -0.072 -0.010 0.079 -0.016 0.316 0.000 -0.002 -0.010 -0.043 0.084 -0.082 -0.022 -0.030 0.016 -0.081 -0.020 -0.036 -0.022 0.015 -0.009 0.042 -0.008 0.020 -0.035 -0.035 0.031 -0.042 -0.050 -0.042 -0.004 -0.047 0.047 0.028 0.050 -0.113 -0.005 -0.137 0.095 -0.118 -0.007 0.121 -0.005 -0.162 0.018 -0.144 -0.029 0.022 0.087 0.134 0.098 
-0.003 0.030 0.026 0.034 0.009 0.068 0.124 0.026 0.052 0.026 0.042 -0.085 0.012 0.052 -0.038 -0.108 0.125 -0.103 0.100 -0.152 0.015 -0.107 0.054 -0.029 -0.076 -0.111 0.039 0.035 -0.051 0.097 -0.038 0.074 -0.016 0.037 0.150 -0.022 -0.062 0.251 -0.013 -0.147 0.079 -0.194 0.003 0.056 0.047 -0.322 0.000 -0.066 -0.004 0.030 -0.015 0.078 -0.012 0.551 0.000 -0.045 0.005 0.166 0.001 0.047 0.002 0.168 0.004 0.156 -0.058 -0.020 -0.053 0.101 0.020 0.071 0.047 0.024 0.065 -0.009 0.059 0.007 0.039 0.010 0.086 0.052 0.094 -0.037 -0.067 0.017 0.139 -0.030 -0.012 -0.014 0.051 -0.045 -0.197 -0.027 -0.154 0.013 0.014 -0.084 -0.011 -0.012 -0.019 0.105 
0.021 -0.007 -0.009 -0.075 0.047 -0.098 -0.087 0.086 -0.175 -0.057 -0.006 -0.158 0.220 -0.129 -0.230 0.081 0.136 -0.070 0.063 -0.010 0.010 0.022 -0.020 -0.033 0.063 -0.095 -0.033 0.232 -0.093 0.048 0.012 -0.107 -0.078 -0.018 0.093 -0.039 0.068 0.094 -0.120 -0.000 0.035 -0.056 -0.188 -0.164 -0.059 0.218 -0.037 0.000 -0.050 -0.000 0.111 -0.008 0.573 0.000 -0.087 -0.006 0.001 0.007 0.168 -0.037 0.049 0.014 0.024 0.006 -0.002 0.011 -0.029 0.003 -0.065 -0.026 0.001 -0.030 -0.035 0.027 0.044 0.001 0.036 -0.036 0.099 -0.038 0.029 -0.024 -0.062 0.005 -0.055 0.008 0.006 0.045 -0.000 0.041 -0.009 0.011 0.004 0.021 -0.208 -0.013 -0.022 -0.026 -0.166 0.082 
-0.006 -0.007 0.039 -0.003 0.021 -0.069 0.078 -0.106 -0.012 0.000 -0.230 -0.019 0.035 0.089 -0.008 0.046 -0.096 0.077 0.101 0.075 -0.254 0.133 -0.000 0.081 0.106 0.048 0.043 0.097 0.045 -0.116 -0.041 0.097 -0.023 0.004 0.005 0.014 -0.055 -0.099 -0.051 -0.100 0.010 -0.094 -0.050 -0.164 -0.061 -0.215 0.094 -0.001 0.000 -0.040 -0.007 0.457 0.000 0.068 0.016 -0.379 -0.007 -0.109 0.042 -0.006 0.006 -0.237 0.009 -0.153 -0.025 -0.013 0.018 -0.052 -0.049 0.031 0.009 -0.160 0.034 -0.054 0.022 0.019 -0.031 0.018 0.037 0.008 0.110 -0.020 0.049 -0.002 -0.006 0.042 -0.012 -0.010 0.107 -0.005 0.008 0.039 0.215 0.088 0.053 0.058 -0.139 -0.034 -0.104 0.053 
-0.000 -0.005 -0.019 0.028 -0.049 0.084 -0.039 -0.057 0.029 0.047 0.053 -0.058 -0.065 -0.040 -0.020 -0.081 -0.127 -0.056 0.112 -0.075 0.036 0.077 0.153 -0.150 -0.032 0.122 0.026 -0.004 -0.051 -0.176 0.030 0.086 -0.024 -0.121 -0.021 -0.098 0.011 -0.005 -0.009 -0.008 -0.025 -0.210 0.039 -0.127 0.029 0.224 -0.003 0.160 0.092 0.000 0.572 0.000 -0.042 -0.011 0.191 0.004 0.012 0.016 0.176 -0.028 -0.023 0.002 0.045 0.005 -0.013 0.032 0.055 0.005 0.001 -0.010 -0.010 -0.073 0.009 0.033 0.025 0.051 -0.053 -0.033 -0.019 -0.054 -0.027 0.007 -0.046 0.023 0.160 0.008 -0.020 0.028 0.144 -0.002 -0.078 -0.016 -0.038 0.061 0.330 -0.014 0.199 0.021 0.037 0.078 
-0.012 0.063 -0.011 0.047 0.016 0.042 -0.028 0.043 0.016 -0.013 -0.135 0.014 0.045 0.044 0.006 -0.055 0.095 0.013 -0.047 -0.054 0.059 -0.129 0.099 -0.031 0.020 -0.004 -0.047 0.021 -0.000 0.003 0.058 -0.089 0.052 -0.027 -0.078 -0.082 -0.048 0.009 0.020 -0.085 -0.019 -0.057 -0.026 0.065 0.004 -0.039 -0.183 0.108 0.526 -0.429 0.000 0.002 -0.161 -0.046 -0.367 -0.007 -0.008 -0.007 0.322 -0.026 -0.043 -0.048 -0.055 0.005 0.031 0.031 -0.056 0.010 -0.040 -0.011 -0.025 -0.061 0.001 -0.029 -0.067 -0.026 0.006 0.019 0.066 0.009 -0.046 0.052 0.039 -0.024 -0.042 0.002 0.031 -0.001 -0.093 -0.040 0.004 -0.028 -0.083 0.018 -0.017 0.064 -0.074 0.015 -0.164 0.000 
0.011 -0.072 0.015 -0.042 -0.011 -0.064 0.072 -0.008 -0.046 -0.014 0.104 0.010 0.029 -0.084 -0.029 0.069 -0.081 0.054 -0.004 0.002 -0.052 0.115 -0.113 0.015 -0.047 -0.051 0.063 0.007 0.074 0.015 0.005 0.157 -0.110 0.004 0.107 0.097 -0.120 -0.010 0.004 0.093 -0.133 0.082 0.010 -0.088 -0.028 0.053 -0.117 -0.154 0.408 0.553 0.000 -0.002 -0.125 0.060 -0.280 0.008 -0.009 0.008 0.260 0.033 -0.017 0.062 -0.036 -0.005 0.021 -0.040 -0.051 -0.013 -0.076 0.012 0.044 0.084 0.059 0.037 0.042 0.032 -0.060 -0.028 0.063 -0.013 0.056 -0.064 -0.003 0.012 -0.007 -0.000 -0.040 0.011 0.077 0.039 0.051 0.034 0.109 -0.014 -0.033 -0.050 0.070 -0.031 0.166 0.000 
0.000 0.016 0.047 0.006 0.032 -0.059 -0.008 0.009 0.000 -0.012 0.042 0.045 -0.056 0.060 0.115 0.061 0.053 -0.028 -0.057 0.077 -0.092 0.014 -0.088 0.116 0.040 -0.090 -0.074 -0.057 -0.036 0.125 0.024 -0.115 0.070 0.115 -0.023 0.123 0.054 0.030 0.084 0.007 0.045 0.227 0.075 0.096 -0.002 -0.219 -0.025 -0.142 0.063 0.000 0.643 0.000 -0.035 0.010 0.236 -0.003 0.011 -0.014 0.156 0.021 -0.032 -0.001 0.037 -0.008 0.012 -0.030 0.042 -0.001 0.027 0.010 -0.014 0.068 -0.008 -0.026 0.013 -0.052 0.003 0.039 -0.009 0.055 0.058 -0.010 0.082 -0.012 -0.072 0.001 0.061 -0.058 -0.083 0.002 0.037 0.021 0.004 -0.065 -0.309 -0.009 -0.180 -0.010 -0.038 0.087 
0.006 0.022 -0.047 0.008 -0.029 0.065 -0.088 0.070 0.036 -0.024 0.193 0.019 -0.055 -0.071 -0.054 -0.047 0.014 -0.083 -0.147 -0.071 0.213 -0.138 -0.020 -0.077 -0.110 -0.043 0.010 -0.089 -0.045 0.109 0.073 -0.114 0.053 0.002 0.016 0.005 0.058 0.118 0.048 0.120 0.008 0.131 0.053 0.154 0.062 0.251 -0.092 0.013 0.000 0.109 -0.007 0.467 0.000 0.082 -0.016 -0.394 0.007 -0.108 -0.041 0.041 -0.005 -0.205 -0.008 -0.148 0.027 -0.044 -0.025 -0.079 0.048 -0.051 -0.006 -0.057 -0.031 -0.090 -0.015 0.055 0.030 0.045 -0.029 0.012 -0.075 0.037 -0.060 0.004 0.002 0.002 -0.002 0.040 -0.093 -0.023 0.003 0.106 -0.225 0.039 -0.046 -0.020 0.086 0.019 0.094 0.055 
-0.014 -0.018 -0.017 0.026 -0.046 0.037 0.071 -0.082 0.138 0.006 -0.074 0.113 -0.184 0.112 0.155 -0.062 -0.037 0.061 -0.107 0.038 0.078 -0.044 -0.075 0.062 -0.041 0.132 0.071 -0.158 0.122 -0.019 -0.126 0.077 0.013 0.008 -0.047 -0.002 -0.039 -0.110 0.021 0.016 0.087 0.015 0.013 0.168 -0.016 -0.191 -0.239 0.000 -0.015 -0.000 0.061 -0.009 0.645 0.000 -0.190 0.005 0.005 -0.007 0.123 0.038 0.068 -0.012 0.007 -0.003 0.016 -0.008 -0.021 -0.006 0.040 0.023 0.045 0.022 0.014 -0.026 0.002 0.002 0.022 0.023 -0.146 0.027 0.003 0.025 -0.061 0.006 -0.028 -0.014 -0.063 -0.017 -0.017 -0.022 -0.022 -0.014 0.040 -0.021 0.216 0.011 0.040 0.020 0.162 0.086 
-0.004 -0.029 -0.006 -0.024 -0.011 -0.056 -0.093 -0.004 -0.035 -0.023 -0.002 0.067 -0.007 -0.026 0.065 0.096 -0.036 0.080 -0.032 0.116 0.041 0.071 -0.049 0.009 0.071 0.078 -0.049 -0.054 0.017 -0.097 -0.011 -0.042 -0.022 -0.021 -0.175 -0.018 0.043 -0.209 -0.021 0.151 -0.112 0.145 -0.010 -0.051 -0.042 0.208 0.000 0.176 -0.004 -0.160 -0.017 0.110 -0.013 0.588 0.000 -0.074 -0.004 0.202 -0.001 -0.027 -0.001 0.211 0.002 0.222 0.049 0.028 0.069 0.041 -0.029 0.012 -0.042 0.104 -0.072 0.031 -0.051 0.064 -0.051 -0.014 -0.069 -0.006 -0.114 0.010 0.082 0.067 -0.114 0.033 -0.001 0.070 -0.007 0.061 0.158 -0.103 0.147 -0.016 -0.047 0.016 -0.034 0.036 0.037 0.121 
0.019 -0.036 0.071 0.001 0.104 -0.008 0.268 -0.030 -0.082 0.045 0.082 -0.061 -0.153 0.049 -0.003 0.002 -0.015 0.064 -0.158 0.062 0.083 0.091 0.071 0.221 -0.027 0.019 0.044 0.069 0.003 0.119 0.073 0.155 0.167 0.042 -0.140 0.025 0.093 0.172 0.025 0.116 0.000 -0.040 -0.051 -0.321 0.089 0.000 -0.113 -0.001 0.338 0.002 -0.150 -0.013 0.153 -0.020 0.325 0.000 0.007 0.008 -0.143 -0.059 -0.137 0.021 -0.032 -0.019 0.025 0.019 -0.014 0.020 0.072 0.034 -0.064 -0.024 -0.088 0.028 -0.129 0.009 0.033 0.010 0.001 -0.056 -0.152 -0.076 0.009 -0.017 -0.012 -0.046 0.115 0.002 -0.022 0.091 0.024 0.041 -0.099 0.029 0.109 -0.103 -0.110 -0.035 -0.106 0.123 
-0.003 0.015 -0.008 0.016 -0.034 0.038 -0.020 0.004 -0.020 0.006 -0.036 -0.022 -0.032 -0.025 -0.124 -0.002 0.059 -0.034 -0.018 -0.021 -0.066 0.104 0.039 0.047 0.003 0.053 -0.092 0.042 -0.095 -0.086 0.004 0.064 -0.079 0.084 -0.166 0.021 0.052 0.109 -0.117 -0.166 -0.156 0.167 -0.159 0.177 0.000 -0.057 0.002 -0.014 -0.011 0.059 -0.012 0.304 -0.014 0.136 -0.011 0.519 0.000 -0.342 0.002 -0.005 -0.031 0.021 0.002 -0.053 -0.025 0.011 0.049 -0.092 -0.082 -0.063 -0.075 -0.043 -0.122 0.038 -0.111 -0.050 -0.096 -0.018 -0.009 0.008 -0.164 0.026 -0.043 -0.059 -0.030 0.059 0.018 -0.067 -0.081 -0.012 -0.199 0.103 0.053 -0.063 0.081 0.018 0.066 0.032 0.031 0.121 
-0.021 -0.013 -0.003 -0.004 -0.036 0.130 -0.017 0.005 -0.065 0.245 0.015 0.021 -0.078 -0.057 0.105 -0.009 0.044 0.041 -0.078 -0.041 -0.038 -0.051 -0.080 -0.343 0.086 0.120 0.057 0.044 -0.101 -0.125 0.028 -0.190 -0.083 -0.075 -0.048 0.158 -0.032 0.094 -0.004 -0.159 -0.248 0.122 0.235 0.000 0.067 -0.000 0.041 -0.001 0.242 0.001 -0.184 -0.011 0.194 -0.015 0.217 -0.000 0.127 0.000 -0.050 -0.005 0.032 -0.011 0.031 -0.002 0.146 -0.016 0.111 0.016 0.077 -0.022 0.054 0.008 -0.021 0.007 0.132 -0.045 0.085 0.001 0.100 0.049 0.228 0.010 0.176 -0.007 0.061 0.048 0.023 -0.062 0.091 -0.113 -0.093 -0.061 0.106 0.046 -0.096 0.095 0.055 0.043 -0.023 0.091 
0.008 -0.009 0.001 -0.008 -0.000 -0.025 -0.037 -0.009 -0.007 -0.034 0.181 -0.033 -0.046 0.003 -0.034 0.006 0.077 -0.072 -0.078 -0.027 0.007 0.028 -0.092 -0.001 0.056 -0.037 0.065 -0.057 0.056 0.003 -0.049 -0.042 -0.100 0.037 -0.048 0.005 0.011 -0.025 -0.064 0.124 -0.198 -0.283 0.000 0.029 0.000 -0.049 0.003 -0.117 -0.018 -0.136 -0.009 0.188 -0.018 -0.076 -0.020 0.313 -0.000 0.516 0.000 0.006 0.009 -0.322 0.012 -0.277 0.035 -0.024 0.056 0.069 -0.051 0.058 0.003 0.020 -0.030 -0.026 -0.010 0.006 -0.069 -0.002 -0.004 0.004 -0.058 0.041 -0.022 0.038 0.140 -0.052 -0.020 0.004 0.080 0.030 0.078 -0.069 0.043 0.014 -0.093 -0.067 -0.112 -0.032 0.147 0.127 
-0.008 -0.027 -0.002 -0.017 -0.019 -0.005 -0.096 0.071 0.041 -0.146 0.142 -0.015 0.174 0.024 -0.148 0.053 0.117 -0.018 0.091 0.071 -0.033 -0.086 -0.054 -0.075 0.013 0.015 -0.028 -0.123 0.056 0.038 0.009 0.113 0.113 -0.136 -0.054 0.214 0.056 0.040 -0.253 -0.126 0.081 0.000 0.185 -0.000 -0.170 -0.000 -0.520 -0.000 -0.069 0.002 -0.125 -0.014 -0.097 -0.017 0.279 -0.006 -0.061 -0.005 0.114 0.000 -0.013 -0.010 -0.074 0.001 -0.180 -0.028 0.003 0.018 -0.151 0.001 0.046 0.035 -0.039 -0.010 0.036 -0.014 -0.063 0.038 -0.112 0.018 0.076 -0.001 0.016 -0.006 0.003 -0.005 -0.100 -0.049 -0.022 -0.061 0.109 -0.037 0.096 0.019 0.141 0.080 -0.026 -0.013 -0.112 0.073 
-0.007 0.011 0.022 -0.025 0.035 -0.030 0.075 0.030 0.031 -0.045 -0.024 -0.016 0.073 0.047 0.003 -0.001 -0.053 -0.004 -0.011 0.054 0.040 -0.067 -0.036 -0.072 0.066 -0.061 0.050 -0.069 -0.167 0.025 -0.032 0.072 0.012 0.043 -0.134 -0.151 -0.071 -0.003 -0.131 0.193 0.000 0.068 -0.000 -0.056 0.000 0.015 0.009 0.013 -0.017 -0.024 -0.003 0.091 -0.018 -0.159 -0.028 0.076 -0.001 -0.032 -0.008 0.640 0.000 -0.110 0.029 0.396 -0.024 0.034 0.061 -0.080 -0.019 0.014 0.000 0.011 -0.035 -0.030 0.036 -0.055 -0.012 0.038 0.087 -0.046 0.076 -0.011 0.100 0.017 -0.072 -0.050 -0.073 -0.020 0.258 -0.057 -0.054 0.024 -0.122 0.014 0.024 -0.059 -0.100 -0.004 -0.009 0.121 
0.005 -0.004 -0.017 0.036 -0.047 0.075 0.010 -0.074 0.028 0.025 -0.046 -0.073 -0.017 -0.045 -0.048 -0.078 -0.050 0.032 0.145 -0.150 -0.056 -0.035 -0.039 0.116 -0.073 -0.074 0.169 0.093 -0.011 0.147 -0.067 -0.073 0.073 0.138 -0.060 0.005 -0.046 -0.140 -0.022 0.000 -0.115 -0.001 -0.142 0.004 0.217 -0.001 -0.210 -0.000 0.006 0.005 0.019 -0.029 -0.095 -0.020 0.080 -0.018 0.044 -0.012 -0.058 -0.021 0.724 0.000 0.006 0.010 0.107 0.000 0.060 -0.013 -0.046 -0.000 0.008 0.014 -0.011 -0.012 -0.058 0.001 -0.022 -0.008 0.034 0.010 0.010 -0.016 0.092 -0.025 -0.059 0.006 0.040 0.045 -0.017 0.031 0.101 0.008 -0.010 -0.032 0.020 -0.022 0.131 -0.004 -0.089 0.133 
0.015 -0.015 0.044 0.008 0.066 -0.028 0.133 -0.047 -0.038 0.062 0.009 -0.011 0.031 0.039 0.078 -0.008 0.084 -0.080 0.071 -0.036 -0.080 -0.016 0.044 -0.001 0.067 -0.028 -0.136 -0.083 0.043 -0.021 -0.270 -0.076 -0.004 0.082 -0.057 0.032 -0.176 0.080 0.000 -0.025 -0.001 0.070 0.003 -0.172 0.001 0.093 0.011 0.025 -0.021 -0.128 -0.005 0.168 -0.018 -0.216 -0.031 -0.071 -0.000 0.074 -0.006 0.234 -0.012 0.542 0.000 -0.348 -0.097 -0.088 0.017 0.130 -0.024 0.013 0.049 0.054 0.028 0.071 -0.039 0.117 -0.011 0.023 -0.014 0.052 -0.030 -0.009 -0.014 -0.037 -0.018 0.099 -0.115 0.016 -0.079 -0.066 0.008 0.035 -0.049 0.002 -0.028 0.014 0.132 -0.025 0.096 0.134 
0.003 -0.002 0.003 -0.009 0.042 -0.076 0.048 0.039 -0.040 -0.015 -0.184 0.035 0.093 0.041 0.005 0.019 -0.013 0.023 -0.033 0.021 0.078 0.100 0.054 -0.033 -0.046 -0.047 0.015 0.050 0.008 0.042 0.028 -0.007 0.035 0.110 0.051 -0.177 -0.025 0.000 0.137 0.001 -0.293 -0.001 0.140 0.003 -0.163 -0.001 -0.247 0.000 -0.075 0.004 -0.054 -0.035 -0.072 -0.011 0.010 -0.017 -0.119 -0.016 0.030 -0.019 -0.020 -0.011 0.690 0.000 -0.103 0.023 0.072 -0.009 0.219 -0.008 0.117 -0.028 -0.002 -0.007 0.048 0.019 0.066 -0.018 -0.024 -0.005 -0.054 -0.015 -0.104 0.006 0.077 -0.015 0.001 0.028 -0.081 0.033 -0.073 0.040 0.060 -0.012 -0.036 -0.038 0.022 -0.001 -0.017 0.108 
0.004 0.012 -0.048 -0.008 -0.011 0.006 -0.153 0.017 0.012 0.021 -0.133 0.043 -0.001 -0.050 -0.010 0.003 -0.078 0.044 -0.108 0.028 -0.034 -0.005 -0.003 0.038 -0.104 -0.035 -0.116 -0.026 -0.051 0.078 -0.127 0.009 -0.192 -0.119 -0.186 0.023 0.000 0.092 -0.003 -0.086 -0.001 -0.090 0.008 0.022 0.002 -0.091 0.014 -0.048 -0.025 0.149 -0.004 0.233 -0.017 -0.269 -0.035 -0.046 0.002 0.275 -0.003 -0.272 -0.023 0.269 -0.014 0.340 0.000 0.041 0.049 -0.268 0.064 -0.038 -0.042 -0.206 0.008 -0.098 0.009 -0.072 -0.032 -0.043 -0.067 -0.072 0.038 -0.069 0.067 -0.076 0.062 -0.129 -0.039 -0.051 -0.088 0.089 0.097 -0.061 -0.127 0.001 -0.012 0.011 0.026 -0.005 -0.065 0.140 
0.003 0.046 -0.006 -0.005 -0.004 -0.047 -0.058 -0.061 0.032 -0.083 -0.061 0.004 0.015 0.024 0.110 -0.047 -0.077 -0.091 -0.064 -0.027 -0.041 -0.070 -0.018 -0.014 0.104 0.056 -0.150 0.123 -0.029 0.054 0.007 0.087 -0.028 -0.290 0.053 0.000 -0.326 -0.000 0.023 0.001 0.083 -0.000 -0.168 0.001 0.340 0.000 -0.225 0.000 -0.133 0.004 -0.033 -0.039 -0.068 -0.007 0.126 -0.016 0.049 -0.018 0.015 -0.012 -0.190 -0.015 0.186 -0.006 0.461 0.000 -0.144 0.004 -0.224 0.000 0.057 0.020 -0.102 0.003 -0.027 -0.013 -0.019 -0.008 0.072 -0.028 -0.034 0.018 -0.088 0.009 -0.038 0.002 -0.000 0.019 -0.004 0.020 -0.054 -0.018 0.039 0.018 -0.085 0.036 -0.052 -0.013 0.129 0.112 
-0.012 0.001 0.015 0.020 0.001 -0.002 0.071 0.023 0.018 -0.028 0.086 0.001 0.005 0.017 0.058 -0.007 -0.053 0.044 0.074 -0.006 0.064 0.029 0.004 0.009 -0.037 0.005 0.009 0.104 -0.046 0.044 -0.060 0.158 -0.187 0.023 0.000 0.189 0.005 0.013 -0.006 -0.037 -0.001 0.013 0.011 0.089 -0.002 0.052 0.017 -0.035 -0.015 -0.108 0.000 0.041 -0.014 -0.083 -0.033 -0.068 0.002 -0.035 -0.013 -0.045 -0.016 -0.017 -0.021 -0.014 -0.009 0.791 0.000 -0.003 0.042 0.077 -0.005 0.256 0.038 0.101 0.067 0.055 -0.012 0.122 0.012 0.002 0.048 0.080 -0.004 0.127 0.050 0.046 -0.035 0.089 -0.057 0.015 -0.013 0.100 -0.000 -0.029 -0.029 -0.031 -0.017 0.023 -0.036 0.119 
0.001 -0.004 -0.031 -0.030 0.006 0.037 -0.032 0.078 -0.002 0.060 0.038 0.048 -0.033 0.003 0.013 0.058 0.018 0.069 -0.051 0.106 0.031 0.060 0.063 0.049 -0.048 0.067 0.067 0.114 -0.087 0.074 -0.104 -0.180 -0.001 0.000 0.245 -0.003 -0.072 -0.001 0.097 0.001 0.083 0.000 -0.143 0.000 0.095 0.000 -0.129 0.003 -0.018 0.003 -0.038 -0.045 -0.073 -0.002 -0.044 -0.016 -0.068 -0.022 0.017 -0.015 -0.117 -0.019 -0.115 -0.008 -0.073 -0.020 0.750 0.000 -0.167 -0.005 -0.091 -0.004 0.110 -0.001 0.043 -0.017 0.150 -0.012 -0.035 0.001 -0.003 -0.008 -0.058 0.020 -0.023 -0.003 -0.076 0.022 0.017 0.052 -0.082 -0.008 0.014 0.004 0.092 -0.000 -0.095 0.031 0.039 0.110 
0.002 0.007 -0.004 0.013 -0.013 0.014 0.003 -0.054 -0.021 0.019 0.059 -0.038 -0.103 -0.004 -0.057 -0.035 0.005 -0.030 -0.006 -0.044 -0.006 -0.057 0.053 -0.026 -0.078 0.038 -0.161 0.025 0.019 0.011 -0.136 0.021 0.000 0.031 -0.005 -0.166 0.005 -0.056 -0.010 0.060 -0.005 0.079 0.018 0.066 -0.004 0.042 0.024 -0.053 -0.019 0.142 0.001 0.093 -0.016 -0.117 -0.040 -0.007 0.002 -0.070 -0.016 -0.109 -0.018 -0.078 -0.025 0.214 -0.010 0.072 -0.019 0.770 0.000 -0.097 0.021 -0.097 0.015 -0.048 -0.002 0.031 0.042 -0.116 0.011 0.014 -0.004 0.035 0.020 -0.123 0.038 -0.011 0.018 -0.078 -0.043 -0.078 0.089 -0.029 0.117 0.023 0.030 0.039 -0.140 -0.002 -0.099 0.148 
-0.007 -0.006 -0.009 -0.015 -0.015 0.027 -0.028 0.075 0.013 -0.052 0.004 -0.007 -0.038 -0.038 -0.045 -0.011 0.008 0.012 0.021 0.017 0.088 0.018 -0.089 0.142 0.078 -0.075 -0.120 -0.047 0.079 -0.246 0.006 0.000 0.086 -0.000 0.118 -0.002 -0.214 0.000 -0.154 0.001 -0.074 0.000 -0.217 -0.001 -0.094 -0.000 -0.150 0.005 -0.070 0.002 0.020 -0.057 -0.082 0.002 -0.002 -0.020 0.042 -0.023 -0.001 -0.013 -0.040 -0.021 -0.266 -0.017 0.157 -0.023 0.082 -0.019 0.704 0.000 0.014 -0.020 -0.094 0.021 0.030 -0.002 -0.048 -0.018 0.091 -0.002 0.074 0.028 -0.046 0.001 0.045 0.029 -0.040 -0.021 0.034 0.000 -0.026 -0.000 -0.006 -0.006 -0.033 0.023 0.004 -0.009 -0.042 0.134 
-0.002 -0.007 0.044 0.003 0.011 -0.004 0.089 0.030 0.000 -0.010 0.047 0.007 0.049 0.021 0.041 0.006 -0.003 0.013 0.055 -0.034 0.083 -0.041 -0.005 -0.050 -0.113 -0.010 -0.118 -0.044 -0.127 -0.033 0.000 -0.033 -0.004 0.021 -0.009 0.023 0.012 -0.131 -0.008 -0.038 0.000 -0.009 0.027 -0.001 -0.001 0.078 0.027 -0.067 -0.012 0.012 0.003 0.005 -0.014 -0.064 -0.040 0.014 0.000 -0.070 -0.024 -0.122 -0.013 -0.056 -0.016 0.059 -0.017 -0.138 -0.027 0.024 -0.018 0.855 0.000 -0.130 -0.036 0.065 0.018 -0.021 0.014 0.018 0.007 -0.004 -0.019 -0.038 0.036 0.121 -0.142 0.011 0.000 0.004 -0.069 0.024 -0.103 -0.024 0.038 0.020 -0.008 0.014 0.038 -0.027 0.010 0.139 
-0.008 0.014 0.012 0.004 -0.036 0.005 -0.026 -0.068 -0.013 0.042 0.001 -0.027 0.086 -0.022 0.031 -0.001 -0.013 -0.018 -0.016 0.034 -0.014 0.103 0.146 -0.010 -0.079 0.154 0.066 -0.166 -0.013 0.000 0.096 0.001 -0.120 -0.000 -0.137 -0.000 0.104 0.000 0.105 0.003 -0.015 -0.002 -0.212 -0.003 0.024 -0.005 -0.051 0.006 -0.049 0.002 0.010 -0.062 -0.044 0.006 -0.043 -0.021 0.089 -0.021 -0.045 -0.011 -0.052 -0.022 -0.156 -0.021 -0.125 -0.023 0.017 -0.026 -0.034 -0.032 0.802 0.000 -0.034 -0.003 -0.022 0.011 0.081 0.021 0.076 0.002 0.025 -0.004 -0.019 0.024 -0.020 -0.012 0.101 -0.030 0.011 -0.000 0.017 0.011 -0.049 -0.015 -0.081 -0.031 -0.052 0.021 -0.026 0.137 
0.008 -0.004 -0.019 -0.018 0.006 -0.014 -0.038 0.018 -0.008 0.000 -0.105 0.012 0.019 -0.030 -0.049 -0.002 0.029 0.017 -0.140 0.063 -0.077 0.038 0.003 0.048 -0.106 -0.002 -0.229 0.041 0.000 -0.002 -0.004 -0.038 -0.002 0.066 -0.003 -0.051 0.007 0.085 -0.011 -0.027 -0.001 -0.185 0.032 -0.036 -0.002 -0.026 0.026 0.089 -0.011 -0.027 0.003 0.077 -0.011 -0.093 -0.037 -0.068 -0.001 -0.096 -0.023 -0.116 -0.011 -0.098 -0.012 0.084 -0.014 -0.210 -0.030 0.010 -0.018 0.045 -0.026 0.764 0.000 -0.144 -0.009 -0.049 0.051 0.013 0.003 0.046 0.023 0.023 0.051 -0.018 0.009 0.008 0.103 -0.045 0.153 0.002 0.033 0.006 0.000 -0.048 0.063 -0.025 0.176 0.049 0.007 0.130 
-0.007 0.036 0.012 0.036 -0.030 0.041 -0.026 -0.057 0.022 0.023 0.011 -0.041 0.028 0.032 0.049 0.013 0.001 0.052 0.016 0.051 0.007 0.044 -0.128 -0.098 0.012 -0.121 -0.080 0.000 -0.188 0.002 0.071 0.002 0.168 -0.001 -0.149 0.005 0.028 -0.002 0.128 0.005 -0.272 0.002 -0.149 -0.001 -0.061 -0.003 -0.088 0.002 -0.101 0.002 0.001 -0.069 0.027 0.011 0.004 -0.020 0.049 -0.017 -0.049 -0.003 -0.101 -0.020 -0.129 -0.028 0.046 -0.013 -0.147 -0.028 -0.055 -0.031 -0.080 -0.025 0.765 0.000 -0.084 -0.002 -0.021 0.003 0.010 0.003 -0.025 -0.003 -0.084 -0.006 0.019 0.004 -0.056 -0.003 0.009 -0.010 0.005 0.005 0.006 0.002 0.035 -0.000 -0.008 -0.003 -0.042 0.143 
-0.001 0.010 -0.017 0.005 -0.010 -0.007 -0.025 -0.056 0.048 0.014 -0.086 0.001 0.036 0.027 -0.064 -0.003 0.023 -0.036 -0.058 -0.001 -0.074 0.039 -0.103 0.074 -0.222 -0.004 0.000 -0.030 0.006 0.011 -0.005 -0.040 -0.006 -0.025 0.002 -0.051 0.006 0.099 -0.013 -0.084 0.008 0.118 0.033 0.048 -0.000 -0.018 0.025 0.101 -0.005 -0.031 0.003 -0.025 -0.011 -0.034 -0.033 -0.076 -0.001 0.075 -0.022 -0.021 -0.005 -0.140 -0.005 0.049 -0.014 -0.095 -0.022 0.008 -0.015 -0.069 -0.025 0.036 -0.020 0.828 0.000 -0.037 -0.043 0.009 -0.059 -0.057 0.028 -0.055 0.037 -0.085 0.046 0.007 0.025 0.163 0.048 -0.029 0.013 0.019 -0.052 0.142 0.004 0.042 -0.048 -0.101 0.073 0.111 
-0.003 -0.067 -0.001 -0.038 0.034 -0.045 0.012 0.067 0.008 -0.077 -0.021 0.052 -0.022 -0.006 0.008 -0.013 0.003 0.063 -0.064 0.026 -0.026 0.013 0.059 -0.144 -0.036 0.000 0.037 0.000 0.190 -0.000 -0.083 0.002 0.158 -0.002 -0.135 0.006 0.034 -0.003 0.119 0.006 -0.106 0.002 -0.190 -0.003 0.357 -0.001 -0.008 -0.000 -0.077 0.003 -0.016 -0.070 -0.017 0.014 -0.028 -0.017 -0.027 -0.019 0.050 -0.002 -0.061 -0.017 -0.070 -0.030 -0.321 -0.008 -0.117 -0.025 0.007 -0.030 -0.160 -0.029 -0.069 -0.026 0.636 0.000 -0.177 0.004 0.050 0.005 -0.072 -0.004 0.024 -0.002 0.004 0.001 0.135 -0.002 -0.006 -0.025 -0.039 -0.017 0.019 0.020 -0.049 0.038 0.008 -0.014 -0.012 0.130 
-0.000 0.002 -0.001 -0.003 0.004 0.004 -0.016 0.016 0.008 -0.023 0.058 0.013 0.017 0.007 0.002 0.004 -0.016 0.038 -0.071 0.005 -0.093 -0.037 -0.054 0.003 0.000 -0.012 0.001 0.027 0.002 -0.006 -0.007 -0.059 -0.016 -0.044 0.011 0.022 0.007 0.041 -0.025 -0.052 0.017 0.016 0.051 -0.033 -0.011 -0.082 0.033 -0.049 -0.003 -0.073 0.006 -0.086 -0.015 -0.030 -0.044 0.047 -0.004 -0.056 -0.034 -0.015 -0.003 -0.107 -0.003 0.120 -0.008 -0.074 -0.023 -0.072 -0.019 -0.052 -0.027 -0.048 -0.023 0.003 -0.027 0.904 0.000 -0.080 0.010 -0.008 0.051 0.010 0.013 0.084 -0.016 -0.025 0.017 -0.066 -0.047 0.077 -0.018 0.067 -0.002 -0.035 0.010 -0.055 0.043 0.050 0.005 0.141 
0.005 0.006 -0.004 0.013 0.023 -0.012 0.040 -0.004 -0.035 0.018 0.006 -0.004 0.014 0.015 -0.058 0.070 -0.011 0.037 0.064 0.044 -0.074 -0.212 -0.030 0.000 -0.063 0.000 0.177 -0.001 0.030 0.000 0.054 0.004 -0.193 -0.001 -0.117 0.004 -0.191 -0.004 0.098 0.006 -0.184 0.001 -0.150 -0.003 -0.148 0.002 0.003 0.002 -0.063 0.004 0.060 -0.070 -0.075 0.015 0.049 -0.019 -0.039 -0.017 0.032 0.001 -0.045 -0.012 -0.126 -0.037 -0.079 -0.002 -0.200 -0.025 -0.039 -0.029 -0.200 -0.031 -0.176 -0.029 -0.002 -0.032 0.695 0.000 -0.175 0.009 -0.015 0.011 -0.055 -0.014 -0.011 -0.008 0.032 0.007 0.039 -0.043 0.011 -0.024 0.001 0.003 0.024 0.034 0.001 -0.014 0.053 0.140 
0.007 -0.000 -0.006 -0.010 -0.003 0.004 0.008 -0.010 -0.016 0.014 -0.035 -0.004 -0.012 -0.013 -0.054 -0.001 -0.039 -0.003 -0.073 -0.010 -0.115 0.019 0.000 0.028 0.005 -0.014 -0.006 0.102 -0.000 -0.082 -0.006 -0.022 -0.012 -0.013 0.016 -0.028 0.015 -0.032 -0.027 0.054 0.023 0.010 0.049 0.042 -0.005 0.055 0.028 0.023 0.003 0.077 0.005 -0.093 -0.012 0.019 -0.043 0.031 -0.001 0.055 -0.037 -0.031 -0.002 0.006 0.003 0.010 -0.004 -0.113 -0.014 0.058 -0.013 -0.047 -0.015 -0.076 -0.014 -0.075 -0.025 0.029 -0.024 0.907 0.000 -0.097 0.052 0.082 -0.019 -0.018 0.034 -0.011 -0.007 0.063 -0.089 -0.058 -0.045 0.009 -0.010 -0.039 0.044 -0.012 -0.014 -0.009 -0.050 0.130 
-0.001 0.011 -0.022 -0.007 0.005 -0.022 0.008 0.026 0.007 0.008 -0.013 0.039 -0.006 0.021 0.012 0.054 0.010 0.016 -0.023 -0.149 0.007 0.000 0.036 -0.001 -0.159 0.000 0.033 -0.007 0.191 0.003 0.087 0.005 -0.079 -0.000 -0.145 0.006 -0.127 -0.004 0.329 0.008 0.042 0.000 0.139 -0.004 -0.330 0.002 -0.077 0.001 -0.132 0.002 0.034 -0.072 0.057 0.018 0.007 -0.022 -0.116 -0.019 -0.095 0.003 -0.006 -0.012 -0.132 -0.041 0.051 0.001 0.053 -0.025 -0.141 -0.029 -0.136 -0.030 -0.112 -0.030 -0.068 -0.045 -0.157 -0.036 0.643 0.000 -0.060 0.003 0.062 -0.014 0.011 0.009 -0.064 -0.002 0.005 -0.009 -0.001 0.002 -0.008 0.001 0.028 0.011 0.015 0.004 -0.020 0.147 
0.003 -0.005 0.014 -0.016 0.002 -0.023 -0.008 -0.016 -0.005 -0.018 0.010 -0.014 0.009 -0.008 -0.036 -0.006 -0.067 -0.020 -0.080 -0.011 0.000 0.012 -0.005 0.003 0.014 0.016 -0.011 0.082 -0.006 -0.014 -0.010 0.057 -0.012 -0.026 0.026 -0.022 0.025 -0.038 -0.049 0.040 0.029 -0.042 0.051 -0.031 0.006 0.076 0.038 0.003 0.013 -0.012 0.006 -0.075 -0.017 -0.005 -0.053 -0.012 0.003 -0.035 -0.047 -0.009 -0.002 -0.021 0.012 0.020 -0.007 0.011 -0.016 -0.077 -0.012 -0.041 -0.012 -0.102 -0.013 0.062 -0.022 -0.053 -0.022 0.050 -0.028 0.920 0.000 -0.098 -0.026 -0.011 0.023 0.018 -0.021 -0.114 0.004 0.045 0.042 -0.049 -0.053 -0.069 0.015 -0.020 -0.022 -0.027 0.011 0.151 
0.012 0.007 0.003 0.005 0.069 0.030 -0.014 0.042 -0.030 0.061 -0.006 0.079 -0.019 0.047 0.022 0.056 0.006 -0.167 0.038 0.000 0.237 -0.002 0.097 -0.002 0.004 -0.000 -0.050 -0.009 0.050 0.003 -0.025 0.002 0.043 0.003 0.013 0.008 0.057 -0.004 0.135 0.002 -0.167 0.002 -0.191 -0.002 0.009 -0.002 0.027 0.001 0.022 0.002 0.014 -0.064 -0.017 0.017 -0.044 -0.021 -0.069 -0.017 -0.110 0.002 -0.048 -0.011 0.024 -0.040 -0.102 0.003 -0.057 -0.020 -0.123 -0.025 -0.129 -0.023 -0.170 -0.031 -0.242 -0.039 -0.228 -0.040 -0.151 -0.041 0.698 0.000 -0.135 0.009 -0.070 0.004 0.062 -0.009 0.022 0.001 0.084 0.000 0.023 -0.003 0.038 -0.019 -0.000 0.016 0.008 0.128 
-0.005 0.008 -0.010 0.015 -0.010 -0.017 0.023 -0.018 0.015 -0.032 -0.004 0.004 -0.021 0.010 -0.044 0.011 -0.078 0.009 0.000 0.024 -0.013 0.072 -0.009 -0.027 0.013 0.026 -0.007 -0.001 -0.012 0.091 -0.009 0.006 -0.014 0.065 0.023 0.032 0.023 0.108 -0.052 -0.016 0.035 -0.011 0.053 -0.101 0.007 -0.022 0.032 -0.035 0.014 0.041 0.005 -0.095 -0.014 0.029 -0.045 -0.043 0.004 0.008 -0.038 0.015 0.001 0.020 0.012 0.014 0.000 -0.064 -0.012 -0.067 -0.004 0.025 -0.004 -0.086 -0.002 0.023 -0.007 -0.067 -0.009 -0.106 -0.022 0.050 -0.029 0.918 0.000 -0.072 -0.039 -0.016 -0.015 0.035 -0.006 0.004 0.043 -0.005 0.029 0.063 -0.010 -0.031 0.027 0.058 -0.007 0.122 
-0.001 -0.024 0.017 0.004 -0.045 -0.028 0.008 -0.012 0.005 -0.028 0.012 0.015 0.001 -0.034 -0.035 -0.144 0.043 0.000 -0.171 -0.001 -0.041 -0.005 0.241 -0.002 0.103 -0.001 0.126 -0.011 -0.132 -0.002 -0.066 -0.001 -0.118 -0.001 0.401 0.006 -0.018 -0.006 0.118 0.002 -0.113 0.003 -0.059 0.003 -0.084 -0.001 -0.112 0.001 -0.076 -0.001 0.037 -0.073 0.011 0.021 -0.038 -0.023 0.083 -0.021 -0.092 0.005 -0.078 -0.015 -0.042 -0.050 -0.079 0.004 -0.187 -0.022 -0.008 -0.028 -0.042 -0.022 -0.025 -0.035 -0.103 -0.043 -0.153 -0.042 -0.174 -0.054 -0.128 -0.044 0.625 0.000 -0.034 -0.001 -0.127 0.002 0.014 0.006 -0.013 0.001 -0.010 0.003 0.013 -0.002 -0.002 -0.016 -0.032 0.145 
-0.002 0.026 -0.016 0.033 0.010 0.046 -0.066 0.022 0.017 0.031 -0.040 0.023 -0.081 0.028 -0.116 0.016 0.000 0.078 0.009 -0.060 -0.013 -0.019 -0.024 -0.020 0.010 -0.054 -0.016 -0.024 -0.002 0.067 -0.003 0.074 -0.009 0.003 0.004 -0.007 0.026 -0.011 -0.060 0.012 0.042 0.065 0.058 -0.085 0.010 -0.090 0.041 0.103 0.017 -0.001 0.004 -0.005 -0.017 -0.063 -0.050 0.018 0.001 -0.067 -0.041 -0.077 0.002 0.037 0.015 -0.036 0.005 -0.107 -0.004 0.075 -0.003 -0.164 -0.005 -0.054 -0.001 0.012 0.001 -0.127 -0.003 -0.040 -0.016 -0.035 -0.025 0.012 -0.029 0.876 0.000 -0.063 -0.029 0.001 0.020 -0.079 0.013 0.015 -0.021 -0.030 -0.055 -0.010 0.019 -0.082 0.014 0.139 
-0.003 0.016 0.018 0.041 0.018 0.061 0.025 0.046 -0.020 0.018 -0.011 0.019 0.060 -0.030 -0.015 0.000 -0.232 -0.003 0.225 0.003 -0.027 -0.001 -0.379 -0.001 0.200 0.003 -0.206 -0.010 -0.269 -0.004 0.047 -0.003 0.127 -0.003 -0.011 0.005 0.088 -0.006 0.248 0.002 0.133 0.000 0.055 0.006 0.158 0.003 -0.059 -0.004 0.008 -0.001 -0.047 -0.072 0.040 0.025 -0.147 -0.023 -0.033 -0.018 -0.013 0.009 0.001 -0.016 -0.042 -0.048 -0.227 0.011 -0.001 -0.023 0.010 -0.020 -0.002 -0.017 -0.216 -0.039 -0.170 -0.034 0.032 -0.039 0.012 -0.050 -0.092 -0.047 0.103 -0.045 0.467 0.000 0.023 -0.000 -0.004 0.000 0.015 -0.001 0.072 0.004 -0.024 0.001 -0.017 0.010 0.069 0.125 
-0.001 -0.008 -0.004 -0.011 -0.009 0.002 -0.010 -0.009 -0.004 0.020 -0.037 0.004 -0.040 -0.016 0.000 -0.004 0.013 0.011 -0.004 0.051 -0.014 -0.020 -0.003 0.047 -0.002 -0.005 -0.005 -0.083 0.012 0.160 -0.006 0.082 -0.019 0.044 0.002 -0.034 0.025 0.109 -0.087 -0.014 0.047 -0.052 0.066 0.053 0.002 0.052 0.050 0.064 0.022 0.043 0.009 -0.113 -0.022 -0.015 -0.048 -0.016 0.001 0.096 -0.047 -0.019 0.006 -0.078 0.020 0.044 0.020 -0.013 -0.003 -0.062 -0.004 -0.025 -0.003 -0.080 0.014 -0.102 0.009 -0.015 -0.004 -0.036 -0.017 -0.077 -0.024 -0.064 -0.043 0.000 -0.027 0.896 0.000 -0.022 0.017 0.001 -0.019 -0.025 0.016 0.012 -0.009 0.051 -0.043 -0.010 0.008 0.141 
-0.014 -0.002 -0.008 -0.014 -0.035 0.012 0.005 0.037 0.049 -0.005 -0.031 -0.154 -0.060 0.000 -0.113 0.000 -0.023 -0.004 0.009 -0.000 0.038 0.000 -0.044 -0.003 0.161 0.001 0.089 -0.007 -0.252 -0.011 -0.208 -0.007 -0.010 -0.005 0.007 0.008 -0.249 -0.011 0.089 -0.000 0.066 0.002 0.161 0.005 -0.337 0.004 0.028 -0.007 0.030 -0.004 -0.011 -0.062 -0.023 0.024 -0.032 -0.021 -0.014 -0.022 -0.066 0.012 0.023 -0.010 -0.076 -0.050 0.120 0.013 0.023 -0.020 -0.083 -0.015 0.055 -0.012 -0.011 -0.029 0.190 -0.031 -0.196 -0.036 -0.199 -0.045 -0.073 -0.046 -0.149 -0.044 -0.064 -0.055 0.606 0.000 -0.042 -0.005 0.030 0.007 -0.065 -0.005 0.025 -0.002 0.001 -0.003 0.011 0.118 
0.006 -0.003 0.022 -0.008 -0.003 0.004 -0.064 0.006 0.009 0.002 -0.022 0.003 0.000 0.007 0.008 -0.003 0.012 -0.031 -0.003 -0.018 -0.012 0.001 -0.003 -0.045 -0.009 -0.002 -0.011 -0.140 0.026 -0.094 0.008 -0.011 -0.015 -0.011 0.002 0.095 0.035 0.115 -0.080 0.018 0.033 0.042 0.044 -0.112 0.016 -0.127 0.043 -0.020 0.018 -0.003 0.009 -0.040 -0.018 -0.030 -0.041 0.050 0.001 -0.097 -0.040 -0.017 0.002 -0.050 0.021 0.015 0.011 -0.016 -0.004 0.047 -0.001 -0.014 -0.003 -0.042 0.014 -0.186 -0.000 -0.013 0.007 -0.071 -0.006 0.083 -0.014 -0.102 -0.026 -0.076 -0.021 -0.034 -0.033 0.873 0.000 0.039 0.004 -0.063 0.003 -0.099 -0.004 0.011 -0.013 0.093 -0.000 0.124 
0.006 -0.013 0.003 0.000 -0.008 0.017 -0.018 -0.047 -0.040 -0.082 0.023 0.000 0.116 0.000 -0.020 -0.001 0.073 -0.002 0.044 0.000 -0.254 -0.001 0.119 -0.001 -0.016 0.002 0.082 0.002 -0.111 -0.009 -0.346 -0.007 -0.014 -0.004 -0.025 0.004 0.470 -0.020 0.245 0.001 0.025 -0.001 0.202 0.012 0.072 0.013 -0.099 -0.005 0.017 -0.003 -0.028 -0.079 -0.073 0.035 -0.093 -0.032 0.068 -0.024 -0.018 0.019 -0.045 -0.011 -0.078 -0.069 0.255 0.019 -0.061 -0.028 0.171 -0.017 -0.073 -0.013 -0.109 -0.025 -0.012 -0.038 0.012 -0.041 -0.034 -0.062 -0.035 -0.053 -0.288 -0.057 -0.171 -0.075 -0.168 -0.060 0.249 0.000 -0.067 -0.002 0.023 -0.004 -0.033 0.001 0.004 -0.005 0.004 0.131 
0.004 0.010 -0.003 0.001 0.038 0.002 -0.027 -0.002 -0.022 0.007 0.000 -0.050 -0.009 0.009 0.009 0.015 0.008 0.014 -0.006 -0.052 0.006 -0.175 -0.013 -0.169 -0.011 0.012 -0.023 -0.096 0.047 -0.101 0.042 0.016 -0.016 0.075 -0.002 0.036 -0.000 -0.038 -0.117 -0.066 0.044 0.000 0.037 0.013 0.013 -0.050 0.060 -0.046 0.025 -0.017 0.012 -0.064 -0.014 0.019 -0.040 -0.045 -0.002 -0.083 -0.051 0.083 0.010 0.006 0.037 -0.075 -0.008 -0.005 0.006 0.071 -0.014 -0.083 -0.000 0.019 0.027 0.013 0.006 -0.109 0.009 0.049 -0.005 -0.083 -0.016 -0.023 -0.008 -0.013 -0.009 -0.029 -0.028 -0.109 -0.020 0.866 0.000 0.020 -0.001 0.127 0.006 0.023 0.001 -0.034 0.003 0.134 
0.005 -0.006 -0.005 -0.003 0.004 -0.031 -0.010 -0.051 0.016 0.000 0.066 0.003 -0.249 0.000 0.214 -0.003 0.210 -0.002 0.043 0.004 -0.305 0.014 0.177 0.015 -0.103 0.001 -0.028 0.009 -0.397 0.001 0.383 -0.008 -0.047 -0.009 0.044 -0.000 -0.167 -0.017 -0.124 0.006 0.019 0.000 0.049 0.012 0.039 0.016 0.027 -0.001 -0.003 -0.001 -0.042 -0.068 0.050 0.031 -0.101 -0.025 -0.035 -0.014 -0.039 0.009 0.032 -0.009 0.052 -0.057 -0.154 0.019 -0.005 -0.033 0.066 -0.007 -0.050 -0.012 -0.090 -0.026 0.079 -0.024 -0.108 -0.040 0.014 -0.051 -0.020 -0.047 -0.225 -0.053 -0.038 -0.068 -0.150 -0.051 -0.001 -0.073 0.378 0.000 -0.014 -0.002 0.018 -0.004 0.007 -0.004 0.002 0.116 
-0.010 -0.009 -0.003 -0.010 -0.016 0.012 -0.042 0.007 0.000 -0.015 -0.006 0.054 0.011 -0.048 -0.009 0.019 -0.006 0.011 -0.011 0.039 0.033 -0.073 -0.029 -0.064 -0.001 0.068 -0.022 0.063 0.083 -0.052 0.011 -0.007 -0.015 -0.027 -0.004 0.106 0.018 -0.101 -0.115 0.068 0.045 -0.046 0.034 -0.050 0.013 -0.053 0.061 0.023 0.027 -0.055 0.016 -0.115 -0.022 0.053 -0.033 -0.020 -0.001 0.141 -0.050 -0.028 0.007 0.008 0.036 0.022 0.007 -0.066 0.006 0.023 -0.020 -0.001 0.006 -0.049 0.037 -0.026 0.000 -0.112 0.020 -0.085 -0.008 -0.022 -0.014 -0.055 0.012 -0.098 -0.010 -0.037 -0.018 -0.025 -0.022 -0.105 -0.032 0.876 0.000 -0.103 0.009 0.025 0.010 0.011 0.004 0.137 
-0.000 0.013 0.011 0.005 -0.011 -0.058 -0.012 0.000 -0.011 0.003 0.021 -0.001 0.181 0.003 -0.212 -0.006 0.196 -0.003 -0.315 0.001 0.220 0.025 -0.011 0.024 0.010 -0.006 0.146 0.005 -0.019 0.008 0.041 -0.005 -0.136 -0.007 -0.195 -0.013 -0.251 -0.007 0.060 0.003 0.330 0.006 0.112 0.016 0.207 0.023 0.143 -0.007 0.055 0.004 0.051 -0.070 -0.068 0.029 0.020 -0.031 0.042 -0.033 -0.038 0.013 0.107 -0.011 0.033 -0.074 -0.151 0.033 -0.041 -0.041 0.147 -0.010 -0.009 -0.010 0.140 -0.027 -0.140 -0.022 -0.042 -0.043 -0.067 -0.063 -0.010 -0.049 -0.078 -0.052 -0.002 -0.081 -0.094 -0.056 0.023 -0.082 -0.107 -0.097 0.419 0.000 0.011 0.002 0.021 -0.006 -0.025 0.147 
0.012 -0.009 -0.002 -0.006 -0.018 -0.000 0.000 -0.029 0.002 -0.022 -0.010 -0.024 -0.010 -0.012 0.015 0.029 -0.030 -0.043 0.026 -0.004 0.015 0.032 -0.035 0.104 -0.002 -0.043 -0.041 -0.069 0.097 0.017 0.003 -0.077 0.001 -0.027 0.020 -0.077 0.055 -0.080 -0.133 -0.022 0.010 0.095 0.024 0.023 -0.013 -0.001 0.051 -0.044 0.025 0.012 0.013 -0.107 -0.016 0.039 -0.039 0.079 -0.004 -0.037 -0.053 -0.045 -0.007 0.039 0.035 -0.052 0.027 0.076 0.012 -0.081 -0.043 -0.015 0.008 0.062 0.024 -0.190 0.013 0.010 0.028 -0.010 0.001 0.042 -0.011 -0.082 0.024 -0.014 -0.009 -0.072 -0.011 0.014 -0.027 -0.164 -0.027 0.033 -0.050 0.864 0.000 -0.071 0.002 -0.020 0.000 0.129 
-0.000 0.018 0.003 -0.026 0.000 0.000 0.077 0.005 0.006 0.006 -0.246 0.003 -0.085 0.002 -0.046 -0.009 0.220 0.003 -0.011 0.002 0.168 0.022 -0.407 0.011 0.131 -0.001 0.022 0.016 0.015 0.006 -0.117 0.005 -0.173 -0.006 0.211 -0.005 0.198 0.001 -0.146 0.006 -0.095 -0.005 0.046 0.015 0.138 0.024 0.117 0.003 -0.027 0.001 0.055 -0.068 -0.102 0.033 0.054 -0.046 0.026 -0.033 0.042 0.027 -0.093 -0.021 0.038 -0.082 -0.039 0.025 -0.049 -0.037 -0.042 -0.010 0.078 -0.021 0.000 -0.005 0.022 -0.026 0.082 -0.046 0.262 -0.082 -0.020 -0.047 0.000 -0.063 -0.202 -0.078 0.002 -0.074 -0.189 -0.066 0.221 -0.116 -0.124 -0.122 0.335 0.000 -0.006 -0.001 0.019 0.136 
-0.004 0.007 -0.015 0.004 0.000 0.035 -0.016 -0.075 0.004 0.069 0.038 -0.025 -0.001 0.005 0.033 -0.033 -0.094 -0.098 0.046 0.009 -0.017 0.126 0.038 0.088 -0.029 -0.004 -0.066 0.011 0.137 0.078 0.034 0.034 0.040 0.110 -0.013 -0.072 0.032 0.151 -0.156 0.123 0.027 -0.045 0.018 0.037 -0.052 0.054 0.043 0.011 0.042 0.050 0.006 -0.115 0.003 0.069 -0.063 -0.032 -0.010 0.012 -0.083 0.067 0.012 -0.032 0.043 -0.079 0.044 0.070 0.029 -0.077 -0.056 0.043 -0.007 -0.004 0.031 -0.058 0.018 0.045 0.026 -0.040 -0.051 -0.059 -0.012 -0.048 0.044 -0.007 0.034 -0.188 -0.010 -0.076 -0.003 -0.036 -0.081 -0.089 -0.053 -0.091 -0.070 0.794 0.000 -0.016 -0.000 0.139 
0.001 -0.014 -0.007 0.000 0.028 -0.009 -0.000 0.028 0.000 -0.011 -0.082 0.011 -0.064 0.001 0.186 -0.002 -0.054 0.030 -0.150 0.001 0.110 -0.004 0.022 -0.009 -0.130 -0.000 0.128 0.019 -0.093 -0.013 -0.168 -0.003 0.258 -0.038 -0.010 0.014 0.161 -0.038 -0.323 -0.026 0.155 0.006 -0.220 0.009 -0.292 0.015 0.064 0.002 0.088 -0.011 0.030 -0.053 -0.093 0.019 -0.040 -0.051 0.011 -0.044 -0.113 0.009 -0.020 -0.015 0.054 -0.080 0.131 0.013 -0.047 -0.026 -0.169 -0.022 0.004 -0.027 -0.050 0.011 0.136 -0.043 0.090 -0.046 0.058 -0.087 0.018 -0.044 0.014 -0.075 0.291 -0.049 -0.140 -0.071 -0.073 -0.082 -0.017 -0.129 0.160 -0.136 -0.182 -0.219 0.206 0.000 0.008 0.142 
-0.002 -0.000 0.000 -0.037 -0.006 -0.086 -0.018 0.014 0.008 -0.070 0.072 -0.013 0.022 -0.011 -0.024 -0.063 -0.091 0.028 0.102 0.001 -0.056 -0.077 0.040 -0.012 0.007 -0.083 -0.120 -0.005 0.192 0.006 0.098 0.008 -0.038 -0.027 -0.018 -0.017 -0.017 -0.064 -0.085 0.018 -0.012 0.001 0.098 -0.091 0.035 -0.034 0.035 -0.035 0.021 0.013 -0.003 -0.032 0.033 0.013 -0.067 -0.041 -0.011 -0.039 -0.064 -0.022 0.020 -0.016 0.034 -0.112 0.008 0.014 0.049 -0.021 -0.010 -0.029 -0.012 -0.053 0.053 0.130 -0.018 -0.087 0.001 -0.010 -0.078 -0.088 -0.021 -0.093 0.041 -0.023 -0.055 -0.028 0.035 -0.137 0.020 -0.089 -0.089 -0.133 -0.110 -0.084 -0.024 -0.161 -0.068 0.790 0.000 0.136 
0.000 0.000 -0.006 0.017 -0.014 0.026 0.015 0.032 0.009 0.016 0.037 0.021 0.124 0.006 -0.143 0.025 -0.073 0.029 0.169 0.001 -0.098 0.030 0.291 -0.006 0.077 0.037 -0.119 0.028 0.131 -0.019 0.127 -0.008 -0.047 -0.040 -0.113 0.026 0.100 -0.023 -0.171 -0.044 0.079 0.010 0.099 0.053 0.073 0.037 -0.059 0.017 0.030 -0.021 0.015 -0.051 0.046 0.022 -0.099 -0.048 -0.019 -0.042 -0.117 0.025 0.020 -0.013 0.061 -0.056 0.047 0.013 0.067 -0.023 0.104 -0.014 -0.095 -0.011 0.165 -0.042 0.004 -0.016 0.104 -0.061 0.069 -0.077 0.103 -0.017 0.180 -0.093 -0.030 -0.055 0.199 -0.035 -0.133 -0.075 0.008 -0.119 -0.069 -0.142 0.011 -0.230 -0.155 -0.356 0.427 0.120 
0.000 0.000 0.006 0.017 -0.000 0.026 -0.054 0.033 0.008 0.016 0.119 0.022 -0.072 0.006 0.087 0.026 -0.118 0.030 0.050 0.002 -0.027 0.031 -0.194 -0.007 -0.061 0.038 -0.137 0.029 0.279 -0.020 0.086 -0.008 -0.039 -0.042 0.071 0.027 -0.135 -0.025 -0.004 -0.046 -0.109 0.009 0.107 0.055 0.007 0.039 0.125 0.018 0.013 -0.022 -0.020 -0.066 0.027 0.025 -0.038 -0.054 -0.005 -0.047 -0.015 0.028 0.023 -0.017 0.010 -0.067 -0.028 0.014 0.040 -0.028 -0.115 -0.017 0.069 -0.013 -0.040 -0.048 -0.048 -0.023 -0.098 -0.068 -0.233 -0.088 -0.143 -0.022 -0.086 -0.104 -0.095 -0.057 -0.123 -0.039 0.174 -0.079 -0.198 -0.126 -0.167 -0.154 -0.060 -0.240 0.004 -0.365 -0.417 0.146 
Tiempo promedio: 0.877
