NT: 16
Number of threads: 1
-------------------------------- Test 1 (Squared matrix SVD) sequential --------------------------------
Dimensions, height: 10, width: 10
A: 
1.788 1.712 0.000 0.000 0.000 0.000 0.000 0.000 0.000 0.000 
0.000 1.132 1.495 0.000 0.000 0.000 0.000 0.000 0.000 0.000 
0.000 0.000 1.186 1.778 0.000 0.000 0.000 0.000 0.000 0.000 
0.000 0.000 0.000 1.717 1.962 0.000 0.000 0.000 0.000 0.000 
0.000 0.000 0.000 0.000 1.896 1.594 0.000 0.000 0.000 0.000 
0.000 0.000 0.000 0.000 0.000 1.372 1.040 0.000 0.000 0.000 
0.000 0.000 0.000 0.000 0.000 0.000 1.111 1.514 0.000 0.000 
0.000 0.000 0.000 0.000 0.000 0.000 0.000 1.193 1.226 0.000 
0.000 0.000 0.000 0.000 0.000 0.000 0.000 0.000 1.186 1.486 
0.000 0.000 0.000 0.000 0.000 0.000 0.000 0.000 0.000 1.238 
SVD sequential time with U,V calculation: 0.006
U: 
-0.388 0.272 0.149 -0.751 0.033 0.142 -0.080 0.092 0.231 -0.324 
-0.013 -0.054 -0.130 -0.508 0.087 -0.364 0.245 -0.278 -0.504 0.483 
0.404 -0.365 -0.231 -0.305 0.346 0.330 -0.375 0.406 0.206 0.278 
0.223 -0.109 0.085 0.008 0.714 -0.158 0.399 -0.409 0.113 -0.402 
-0.368 0.330 0.136 0.251 0.580 -0.030 -0.405 0.383 -0.318 0.156 
-0.390 0.126 -0.250 0.136 0.156 0.339 0.431 -0.329 0.423 0.476 
-0.395 -0.321 -0.577 0.051 0.024 -0.474 -0.294 0.037 0.212 -0.184 
-0.335 -0.476 -0.133 0.024 0.005 0.407 0.292 0.145 -0.462 -0.275 
-0.263 -0.522 0.578 0.011 0.001 0.092 -0.232 -0.313 0.062 0.169 
-0.104 -0.228 0.365 0.003 0.000 -0.445 0.243 0.455 0.307 0.183 
sigma: 
2.489 2.397 2.108 2.728 3.362 1.073 0.148 0.522 1.379 1.799 
V: 
-0.279 0.203 0.127 -0.492 0.017 0.236 -0.562 0.240 0.300 -0.322 
-0.273 0.168 0.052 -0.682 0.046 -0.158 0.580 -0.223 -0.127 -0.004 
0.185 -0.214 -0.222 -0.411 0.161 -0.142 -0.415 0.072 -0.369 0.585 
0.443 -0.349 -0.126 -0.193 0.548 0.294 0.246 0.072 0.407 -0.109 
-0.104 0.172 0.201 0.181 0.744 -0.344 -0.185 -0.171 -0.276 -0.273 
-0.450 0.292 -0.060 0.215 0.339 0.388 0.183 0.329 0.054 0.502 
-0.339 -0.094 -0.428 0.073 0.056 -0.163 -0.180 -0.600 0.490 0.162 
-0.401 -0.440 -0.490 0.039 0.013 -0.217 0.103 0.453 -0.166 -0.337 
-0.290 -0.501 0.248 0.015 0.002 0.567 -0.065 -0.379 -0.357 -0.076 
-0.208 -0.441 0.622 0.007 0.001 -0.386 0.029 0.192 0.343 0.266 
-------------------------------- Test 1 (Squared matrix SVD) sequential --------------------------------
Dimensions, height: 20, width: 20
A: 
1.788 1.286 0.000 0.000 0.000 0.000 0.000 0.000 0.000 0.000 0.000 0.000 0.000 0.000 0.000 0.000 0.000 0.000 0.000 0.000 
0.000 1.132 1.835 0.000 0.000 0.000 0.000 0.000 0.000 0.000 0.000 0.000 0.000 0.000 0.000 0.000 0.000 0.000 0.000 0.000 
0.000 0.000 1.186 1.883 0.000 0.000 0.000 0.000 0.000 0.000 0.000 0.000 0.000 0.000 0.000 0.000 0.000 0.000 0.000 0.000 
0.000 0.000 0.000 1.717 1.129 0.000 0.000 0.000 0.000 0.000 0.000 0.000 0.000 0.000 0.000 0.000 0.000 0.000 0.000 0.000 
0.000 0.000 0.000 0.000 1.896 1.406 0.000 0.000 0.000 0.000 0.000 0.000 0.000 0.000 0.000 0.000 0.000 0.000 0.000 0.000 
0.000 0.000 0.000 0.000 0.000 1.372 1.765 0.000 0.000 0.000 0.000 0.000 0.000 0.000 0.000 0.000 0.000 0.000 0.000 0.000 
0.000 0.000 0.000 0.000 0.000 0.000 1.111 1.840 0.000 0.000 0.000 0.000 0.000 0.000 0.000 0.000 0.000 0.000 0.000 0.000 
0.000 0.000 0.000 0.000 0.000 0.000 0.000 1.193 1.200 0.000 0.000 0.000 0.000 0.000 0.000 0.000 0.000 0.000 0.000 0.000 
0.000 0.000 0.000 0.000 0.000 0.000 0.000 0.000 1.186 1.287 0.000 0.000 0.000 0.000 0.000 0.000 0.000 0.000 0.000 0.000 
0.000 0.000 0.000 0.000 0.000 0.000 0.000 0.000 0.000 1.238 1.328 0.000 0.000 0.000 0.000 0.000 0.000 0.000 0.000 0.000 
0.000 0.000 0.000 0.000 0.000 0.000 0.000 0.000 0.000 0.000 1.712 1.895 0.000 0.000 0.000 0.000 0.000 0.000 0.000 0.000 
0.000 0.000 0.000 0.000 0.000 0.000 0.000 0.000 0.000 0.000 0.000 1.495 1.941 0.000 0.000 0.000 0.000 0.000 0.000 0.000 
0.000 0.000 0.000 0.000 0.000 0.000 0.000 0.000 0.000 0.000 0.000 0.000 1.778 1.685 0.000 0.000 0.000 0.000 0.000 0.000 
0.000 0.000 0.000 0.000 0.000 0.000 0.000 0.000 0.000 0.000 0.000 0.000 0.000 1.962 1.895 0.000 0.000 0.000 0.000 0.000 
0.000 0.000 0.000 0.000 0.000 0.000 0.000 0.000 0.000 0.000 0.000 0.000 0.000 0.000 1.594 1.075 0.000 0.000 0.000 0.000 
0.000 0.000 0.000 0.000 0.000 0.000 0.000 0.000 0.000 0.000 0.000 0.000 0.000 0.000 0.000 1.040 1.148 0.000 0.000 0.000 
0.000 0.000 0.000 0.000 0.000 0.000 0.000 0.000 0.000 0.000 0.000 0.000 0.000 0.000 0.000 0.000 1.514 1.442 0.000 0.000 
0.000 0.000 0.000 0.000 0.000 0.000 0.000 0.000 0.000 0.000 0.000 0.000 0.000 0.000 0.000 0.000 0.000 1.226 1.825 0.000 
0.000 0.000 0.000 0.000 0.000 0.000 0.000 0.000 0.000 0.000 0.000 0.000 0.000 0.000 0.000 0.000 0.000 0.000 1.486 1.984 
0.000 0.000 0.000 0.000 0.000 0.000 0.000 0.000 0.000 0.000 0.000 0.000 0.000 0.000 0.000 0.000 0.000 0.000 0.000 1.671 
SVD sequential time with U,V calculation: 0.049
U: 
-0.221 -0.151 0.247 -0.472 0.451 0.498 0.110 0.150 -0.311 0.005 -0.028 0.000 -0.109 -0.074 -0.136 0.021 0.046 -0.084 -0.035 0.011 
0.286 -0.201 0.370 -0.180 -0.125 0.146 -0.434 0.315 0.399 -0.013 0.063 0.007 -0.168 -0.137 -0.299 -0.057 -0.142 0.266 0.114 -0.037 
0.090 -0.033 0.171 0.230 -0.110 -0.190 -0.216 0.371 -0.139 0.011 -0.069 0.009 -0.446 -0.335 0.080 0.080 0.245 -0.485 -0.214 0.072 
-0.225 0.144 -0.188 0.152 0.094 -0.076 -0.260 0.127 -0.226 -0.007 0.030 0.009 -0.426 -0.323 0.246 -0.060 -0.248 0.531 0.245 -0.085 
-0.118 0.165 -0.478 -0.243 0.038 0.177 -0.529 -0.342 0.280 -0.014 0.068 0.010 -0.286 -0.235 -0.051 -0.031 0.072 -0.260 -0.149 0.059 
0.322 -0.170 0.019 -0.138 -0.114 -0.107 0.138 -0.555 -0.194 0.031 -0.173 0.001 -0.264 -0.198 -0.304 0.140 0.082 0.133 0.152 -0.076 
-0.089 -0.162 0.500 0.193 0.178 -0.097 -0.212 -0.487 -0.104 -0.044 0.232 0.001 -0.068 -0.063 0.081 -0.255 -0.262 -0.069 -0.232 0.136 
-0.218 0.094 0.380 0.206 0.036 0.192 -0.177 -0.234 0.240 0.028 -0.169 -0.002 0.005 -0.025 0.226 0.295 0.430 0.019 0.343 -0.219 
0.064 0.275 0.162 0.089 -0.369 0.456 0.219 -0.077 0.153 0.025 -0.218 -0.016 -0.020 -0.092 0.210 0.007 -0.336 0.071 -0.309 0.229 
0.314 0.047 0.023 -0.098 -0.381 0.295 0.058 -0.025 -0.253 -0.137 0.291 -0.056 0.133 -0.191 0.312 -0.273 0.175 -0.143 0.269 -0.244 
0.144 -0.299 -0.039 -0.246 -0.064 -0.110 -0.159 0.003 -0.102 -0.252 -0.302 -0.138 0.417 -0.452 0.381 0.270 0.013 0.145 -0.162 0.193 
-0.277 0.085 0.012 0.093 0.137 -0.123 0.215 0.021 0.257 -0.449 -0.409 -0.099 0.235 -0.384 -0.279 -0.308 -0.169 -0.206 0.151 -0.249 
0.000 0.280 0.010 0.233 0.087 0.112 -0.059 0.009 -0.193 -0.613 -0.216 0.019 -0.021 0.061 -0.359 0.225 0.263 0.227 -0.126 0.274 
0.201 -0.152 -0.027 -0.081 -0.029 0.054 -0.158 -0.017 -0.075 -0.526 -0.575 0.123 -0.296 0.440 0.262 -0.018 -0.268 -0.182 0.067 -0.238 
-0.186 -0.235 0.020 -0.242 -0.183 -0.136 0.292 -0.013 0.385 -0.230 -0.022 0.056 -0.245 0.175 0.284 -0.207 0.336 0.186 -0.025 0.285 
-0.342 0.134 0.125 -0.281 -0.333 -0.227 0.064 -0.003 -0.006 -0.069 0.217 -0.034 -0.053 0.038 0.006 0.549 -0.263 -0.087 -0.100 -0.299 
-0.106 0.502 0.223 -0.409 -0.184 -0.359 -0.198 -0.002 -0.239 0.029 -0.196 -0.176 0.002 0.080 0.002 -0.309 0.085 -0.010 0.149 0.229 
0.394 0.331 0.081 -0.137 0.387 -0.157 0.113 -0.000 0.221 -0.014 0.068 -0.491 -0.105 0.067 0.132 0.049 0.069 0.110 -0.261 -0.272 
-0.084 -0.223 -0.084 0.154 -0.056 0.142 -0.017 0.000 0.007 -0.008 0.040 -0.739 -0.117 0.128 -0.045 0.133 -0.168 -0.180 0.359 0.335 
-0.269 -0.252 -0.070 0.125 -0.263 0.133 -0.132 0.000 -0.169 0.021 -0.114 -0.360 -0.031 0.084 -0.104 -0.246 0.234 0.232 -0.442 -0.398 
sigma: 
1.964 2.331 2.530 2.410 2.014 2.254 1.877 2.812 1.702 3.281 1.671 3.091 2.949 3.012 2.389 1.000 0.641 0.469 0.310 0.055 
V: 
-0.235 -0.088 0.155 -0.379 0.388 0.389 0.195 0.095 -0.322 0.019 -0.053 -0.002 -0.113 -0.073 -0.034 0.038 0.129 -0.319 -0.200 0.367 
-0.011 -0.150 0.271 -0.358 0.167 0.332 -0.110 0.195 0.036 -0.014 0.037 0.003 -0.092 -0.073 -0.204 -0.036 -0.157 0.413 0.270 -0.509 
0.313 -0.163 0.343 -0.016 -0.241 -0.025 -0.377 0.362 0.348 -0.014 0.035 0.010 -0.213 -0.180 -0.263 -0.008 0.047 -0.187 -0.147 0.313 
-0.103 0.061 0.014 0.304 0.034 -0.211 0.022 0.326 -0.345 0.028 -0.083 0.008 -0.564 -0.422 0.267 0.048 0.054 -0.003 0.058 -0.195 
-0.235 0.205 -0.443 -0.137 0.115 0.169 -0.467 -0.180 0.184 -0.063 0.170 0.013 -0.256 -0.220 0.115 -0.126 -0.223 0.225 -0.020 0.293 
0.152 -0.003 -0.262 -0.233 -0.101 0.056 -0.078 -0.442 0.090 0.053 -0.148 0.005 -0.255 -0.206 -0.243 0.149 0.333 -0.390 -0.006 -0.393 
0.240 -0.221 0.231 -0.008 -0.051 -0.181 0.207 -0.541 -0.257 0.016 -0.048 -0.001 -0.242 -0.177 -0.222 -0.036 -0.229 0.339 0.031 0.303 
-0.240 -0.071 0.549 0.258 0.225 -0.009 -0.341 -0.418 0.059 -0.089 0.240 0.003 0.037 0.003 0.239 -0.117 0.047 -0.222 -0.058 -0.179 
-0.117 0.253 0.256 0.157 -0.164 0.371 0.062 -0.132 0.281 0.166 -0.473 -0.008 -0.024 -0.065 0.212 0.362 0.183 0.228 0.146 0.168 
0.206 0.264 0.083 0.021 -0.426 0.458 0.263 -0.046 -0.057 -0.089 0.153 -0.032 -0.024 -0.155 0.194 -0.329 -0.336 -0.185 -0.210 -0.145 
0.273 -0.163 -0.032 -0.198 -0.180 0.074 -0.163 -0.010 -0.271 -0.256 0.223 -0.101 0.318 -0.289 0.380 0.101 0.398 0.122 0.258 0.125 
-0.097 -0.220 -0.023 -0.134 0.095 -0.199 -0.010 0.013 0.153 -0.206 -0.468 -0.135 0.361 -0.458 0.137 0.051 -0.355 -0.074 -0.260 -0.107 
-0.205 0.272 0.034 0.219 0.070 0.010 0.216 0.021 0.107 -0.600 0.008 -0.054 0.080 -0.243 -0.448 -0.198 0.217 0.007 0.224 0.076 
0.216 0.100 -0.020 0.102 0.031 0.139 -0.293 -0.006 -0.308 -0.560 -0.222 0.093 -0.121 0.366 -0.036 0.343 -0.129 0.056 -0.260 -0.071 
-0.016 -0.291 -0.015 -0.210 -0.063 -0.079 0.147 -0.019 0.251 -0.330 -0.277 0.104 -0.336 0.320 0.368 -0.365 0.043 -0.103 0.280 0.067 
-0.316 -0.079 0.071 -0.231 -0.250 -0.167 0.292 -0.006 0.237 -0.213 0.375 0.005 -0.173 0.016 0.086 0.348 0.137 0.233 -0.422 -0.084 
-0.298 0.343 0.211 -0.381 -0.358 -0.295 -0.160 -0.002 -0.223 -0.003 -0.024 -0.097 0.020 0.086 -0.066 0.163 -0.271 -0.247 0.355 0.062 
0.168 0.452 0.170 -0.283 0.119 -0.252 -0.090 -0.001 -0.048 0.070 -0.202 -0.276 -0.017 0.077 0.072 -0.386 0.322 0.256 -0.341 -0.056 
0.311 0.120 -0.002 0.009 0.347 -0.025 0.177 0.000 0.238 -0.073 0.198 -0.646 -0.159 0.058 0.125 0.286 -0.192 -0.144 0.185 0.030 
-0.316 -0.352 -0.106 0.180 -0.317 0.180 -0.148 0.001 -0.172 0.041 -0.114 -0.667 -0.055 0.151 -0.148 -0.147 0.090 0.065 -0.082 -0.013 
-------------------------------- Test 1 (Squared matrix SVD) sequential --------------------------------
Dimensions, height: 30, width: 30
A: 
1.788 1.895 0.000 0.000 0.000 0.000 0.000 0.000 0.000 0.000 0.000 0.000 0.000 0.000 0.000 0.000 0.000 0.000 0.000 0.000 0.000 0.000 0.000 0.000 0.000 0.000 0.000 0.000 0.000 0.000 
0.000 1.132 1.941 0.000 0.000 0.000 0.000 0.000 0.000 0.000 0.000 0.000 0.000 0.000 0.000 0.000 0.000 0.000 0.000 0.000 0.000 0.000 0.000 0.000 0.000 0.000 0.000 0.000 0.000 0.000 
0.000 0.000 1.186 1.685 0.000 0.000 0.000 0.000 0.000 0.000 0.000 0.000 0.000 0.000 0.000 0.000 0.000 0.000 0.000 0.000 0.000 0.000 0.000 0.000 0.000 0.000 0.000 0.000 0.000 0.000 
0.000 0.000 0.000 1.717 1.895 0.000 0.000 0.000 0.000 0.000 0.000 0.000 0.000 0.000 0.000 0.000 0.000 0.000 0.000 0.000 0.000 0.000 0.000 0.000 0.000 0.000 0.000 0.000 0.000 0.000 
0.000 0.000 0.000 0.000 1.896 1.075 0.000 0.000 0.000 0.000 0.000 0.000 0.000 0.000 0.000 0.000 0.000 0.000 0.000 0.000 0.000 0.000 0.000 0.000 0.000 0.000 0.000 0.000 0.000 0.000 
0.000 0.000 0.000 0.000 0.000 1.372 1.148 0.000 0.000 0.000 0.000 0.000 0.000 0.000 0.000 0.000 0.000 0.000 0.000 0.000 0.000 0.000 0.000 0.000 0.000 0.000 0.000 0.000 0.000 0.000 
0.000 0.000 0.000 0.000 0.000 0.000 1.111 1.442 0.000 0.000 0.000 0.000 0.000 0.000 0.000 0.000 0.000 0.000 0.000 0.000 0.000 0.000 0.000 0.000 0.000 0.000 0.000 0.000 0.000 0.000 
0.000 0.000 0.000 0.000 0.000 0.000 0.000 1.193 1.825 0.000 0.000 0.000 0.000 0.000 0.000 0.000 0.000 0.000 0.000 0.000 0.000 0.000 0.000 0.000 0.000 0.000 0.000 0.000 0.000 0.000 
0.000 0.000 0.000 0.000 0.000 0.000 0.000 0.000 1.186 1.984 0.000 0.000 0.000 0.000 0.000 0.000 0.000 0.000 0.000 0.000 0.000 0.000 0.000 0.000 0.000 0.000 0.000 0.000 0.000 0.000 
0.000 0.000 0.000 0.000 0.000 0.000 0.000 0.000 0.000 1.238 1.547 0.000 0.000 0.000 0.000 0.000 0.000 0.000 0.000 0.000 0.000 0.000 0.000 0.000 0.000 0.000 0.000 0.000 0.000 0.000 
0.000 0.000 0.000 0.000 0.000 0.000 0.000 0.000 0.000 0.000 1.712 1.376 0.000 0.000 0.000 0.000 0.000 0.000 0.000 0.000 0.000 0.000 0.000 0.000 0.000 0.000 0.000 0.000 0.000 0.000 
0.000 0.000 0.000 0.000 0.000 0.000 0.000 0.000 0.000 0.000 0.000 1.495 1.301 0.000 0.000 0.000 0.000 0.000 0.000 0.000 0.000 0.000 0.000 0.000 0.000 0.000 0.000 0.000 0.000 0.000 
0.000 0.000 0.000 0.000 0.000 0.000 0.000 0.000 0.000 0.000 0.000 0.000 1.778 1.418 0.000 0.000 0.000 0.000 0.000 0.000 0.000 0.000 0.000 0.000 0.000 0.000 0.000 0.000 0.000 0.000 
0.000 0.000 0.000 0.000 0.000 0.000 0.000 0.000 0.000 0.000 0.000 0.000 0.000 1.962 1.998 0.000 0.000 0.000 0.000 0.000 0.000 0.000 0.000 0.000 0.000 0.000 0.000 0.000 0.000 0.000 
0.000 0.000 0.000 0.000 0.000 0.000 0.000 0.000 0.000 0.000 0.000 0.000 0.000 0.000 1.594 1.214 0.000 0.000 0.000 0.000 0.000 0.000 0.000 0.000 0.000 0.000 0.000 0.000 0.000 0.000 
0.000 0.000 0.000 0.000 0.000 0.000 0.000 0.000 0.000 0.000 0.000 0.000 0.000 0.000 0.000 1.040 1.831 0.000 0.000 0.000 0.000 0.000 0.000 0.000 0.000 0.000 0.000 0.000 0.000 0.000 
0.000 0.000 0.000 0.000 0.000 0.000 0.000 0.000 0.000 0.000 0.000 0.000 0.000 0.000 0.000 0.000 1.514 1.702 0.000 0.000 0.000 0.000 0.000 0.000 0.000 0.000 0.000 0.000 0.000 0.000 
0.000 0.000 0.000 0.000 0.000 0.000 0.000 0.000 0.000 0.000 0.000 0.000 0.000 0.000 0.000 0.000 0.000 1.226 1.560 0.000 0.000 0.000 0.000 0.000 0.000 0.000 0.000 0.000 0.000 0.000 
0.000 0.000 0.000 0.000 0.000 0.000 0.000 0.000 0.000 0.000 0.000 0.000 0.000 0.000 0.000 0.000 0.000 0.000 1.486 1.639 0.000 0.000 0.000 0.000 0.000 0.000 0.000 0.000 0.000 0.000 
0.000 0.000 0.000 0.000 0.000 0.000 0.000 0.000 0.000 0.000 0.000 0.000 0.000 0.000 0.000 0.000 0.000 0.000 0.000 1.671 1.616 0.000 0.000 0.000 0.000 0.000 0.000 0.000 0.000 0.000 
0.000 0.000 0.000 0.000 0.000 0.000 0.000 0.000 0.000 0.000 0.000 0.000 0.000 0.000 0.000 0.000 0.000 0.000 0.000 0.000 1.286 1.368 0.000 0.000 0.000 0.000 0.000 0.000 0.000 0.000 
0.000 0.000 0.000 0.000 0.000 0.000 0.000 0.000 0.000 0.000 0.000 0.000 0.000 0.000 0.000 0.000 0.000 0.000 0.000 0.000 0.000 1.835 1.704 0.000 0.000 0.000 0.000 0.000 0.000 0.000 
0.000 0.000 0.000 0.000 0.000 0.000 0.000 0.000 0.000 0.000 0.000 0.000 0.000 0.000 0.000 0.000 0.000 0.000 0.000 0.000 0.000 0.000 1.883 1.811 0.000 0.000 0.000 0.000 0.000 0.000 
0.000 0.000 0.000 0.000 0.000 0.000 0.000 0.000 0.000 0.000 0.000 0.000 0.000 0.000 0.000 0.000 0.000 0.000 0.000 0.000 0.000 0.000 0.000 1.129 1.754 0.000 0.000 0.000 0.000 0.000 
0.000 0.000 0.000 0.000 0.000 0.000 0.000 0.000 0.000 0.000 0.000 0.000 0.000 0.000 0.000 0.000 0.000 0.000 0.000 0.000 0.000 0.000 0.000 0.000 1.406 1.119 0.000 0.000 0.000 0.000 
0.000 0.000 0.000 0.000 0.000 0.000 0.000 0.000 0.000 0.000 0.000 0.000 0.000 0.000 0.000 0.000 0.000 0.000 0.000 0.000 0.000 0.000 0.000 0.000 0.000 1.765 1.651 0.000 0.000 0.000 
0.000 0.000 0.000 0.000 0.000 0.000 0.000 0.000 0.000 0.000 0.000 0.000 0.000 0.000 0.000 0.000 0.000 0.000 0.000 0.000 0.000 0.000 0.000 0.000 0.000 0.000 1.840 1.481 0.000 0.000 
0.000 0.000 0.000 0.000 0.000 0.000 0.000 0.000 0.000 0.000 0.000 0.000 0.000 0.000 0.000 0.000 0.000 0.000 0.000 0.000 0.000 0.000 0.000 0.000 0.000 0.000 0.000 1.200 1.613 0.000 
0.000 0.000 0.000 0.000 0.000 0.000 0.000 0.000 0.000 0.000 0.000 0.000 0.000 0.000 0.000 0.000 0.000 0.000 0.000 0.000 0.000 0.000 0.000 0.000 0.000 0.000 0.000 0.000 1.287 1.515 
0.000 0.000 0.000 0.000 0.000 0.000 0.000 0.000 0.000 0.000 0.000 0.000 0.000 0.000 0.000 0.000 0.000 0.000 0.000 0.000 0.000 0.000 0.000 0.000 0.000 0.000 0.000 0.000 0.000 1.328 
SVD sequential time with U,V calculation: 0.170
U: 
-0.243 -0.081 0.054 -0.000 0.003 0.156 0.201 0.148 -0.370 0.548 0.089 0.411 -0.401 -0.205 0.219 0.078 -0.009 0.209 0.189 0.031 0.144 -0.049 0.122 -0.005 -0.032 0.043 0.051 0.076 0.026 -0.007 
-0.241 -0.098 0.128 -0.010 -0.071 0.066 0.098 0.260 0.306 0.097 0.064 0.449 0.053 0.317 0.203 0.026 0.026 0.259 -0.272 -0.011 -0.299 0.113 -0.293 0.015 0.084 -0.117 -0.157 -0.235 -0.083 0.020 
-0.187 -0.080 0.283 -0.031 -0.229 -0.101 0.004 0.144 0.359 -0.087 0.025 0.179 0.222 -0.031 -0.200 0.148 0.014 0.244 -0.010 -0.165 0.137 -0.135 0.281 -0.027 -0.110 0.166 0.286 0.431 0.156 -0.039 
-0.080 -0.080 0.512 -0.062 -0.444 -0.292 0.074 -0.113 -0.027 -0.007 0.076 -0.153 -0.007 -0.191 -0.089 -0.013 -0.021 0.077 0.229 -0.077 0.113 0.015 -0.039 0.025 0.049 -0.093 -0.278 -0.425 -0.161 0.041 
0.075 -0.050 0.326 -0.043 -0.288 -0.222 0.151 -0.162 -0.214 -0.020 0.131 -0.152 -0.212 0.203 0.309 -0.092 -0.022 -0.138 -0.164 0.146 -0.236 0.077 -0.173 -0.021 0.018 0.011 0.263 0.410 0.166 -0.042 
0.156 -0.008 0.039 -0.010 -0.041 -0.082 0.152 -0.004 -0.146 -0.219 0.168 0.085 -0.168 0.177 0.124 0.331 -0.002 -0.117 -0.434 0.089 0.104 -0.217 0.442 0.001 -0.164 0.197 -0.140 -0.246 -0.138 0.038 
0.175 0.055 -0.061 0.001 0.028 -0.113 0.152 0.003 -0.105 -0.383 0.244 0.213 -0.090 -0.222 -0.032 0.285 0.005 0.094 0.025 -0.039 0.217 0.084 -0.340 0.023 0.241 -0.348 0.028 0.118 0.151 -0.046 
0.104 0.150 -0.156 0.010 0.063 -0.301 0.152 -0.226 0.050 -0.244 0.219 0.226 -0.039 -0.078 0.119 -0.305 0.001 0.330 0.336 -0.032 -0.136 -0.010 0.049 -0.042 -0.172 0.323 0.052 -0.035 -0.186 0.062 
-0.095 0.184 -0.192 0.017 0.063 -0.493 0.130 -0.314 0.114 0.274 -0.123 0.056 -0.091 0.201 -0.192 -0.027 -0.006 0.229 -0.183 -0.032 -0.050 -0.049 0.181 0.066 0.086 -0.288 -0.134 -0.018 0.284 -0.099 
-0.242 0.111 -0.132 0.022 0.050 -0.445 0.054 0.118 0.084 0.150 -0.213 -0.021 -0.062 -0.128 0.035 0.172 0.002 -0.162 -0.177 -0.009 0.187 0.074 -0.300 -0.098 0.017 0.232 0.238 0.068 -0.451 0.162 
-0.298 0.085 -0.074 0.043 0.062 -0.360 -0.033 0.470 -0.099 -0.095 0.021 -0.034 0.064 -0.107 0.228 0.021 0.009 -0.322 0.193 -0.002 -0.071 0.000 0.080 0.070 -0.111 -0.001 -0.214 -0.080 0.399 -0.147 
-0.138 0.101 0.043 0.103 0.106 -0.139 -0.091 0.248 -0.279 0.075 0.432 -0.047 0.227 0.289 -0.189 -0.027 0.000 -0.101 0.139 0.060 -0.207 -0.023 0.211 -0.026 0.185 -0.289 0.181 0.093 -0.348 0.137 
-0.019 0.118 0.239 0.264 0.264 -0.043 -0.086 -0.079 -0.023 0.239 0.472 0.000 0.240 -0.039 -0.148 -0.066 -0.010 -0.065 -0.193 0.167 0.217 0.027 -0.266 -0.021 -0.117 0.368 -0.104 -0.081 0.231 -0.102 
0.043 0.058 0.470 0.455 0.465 -0.038 -0.004 -0.130 0.142 -0.076 -0.189 0.061 -0.104 -0.211 0.157 -0.016 -0.003 -0.035 -0.029 -0.079 -0.039 -0.015 0.156 0.059 0.002 -0.319 0.038 0.068 -0.136 0.075 
0.055 -0.070 0.218 0.215 0.235 -0.055 0.034 0.085 -0.156 -0.171 -0.333 -0.039 -0.166 0.367 -0.101 0.136 0.018 0.164 0.208 -0.113 -0.137 0.022 -0.082 -0.119 0.111 0.376 0.000 -0.095 0.133 -0.095 
0.148 -0.444 -0.030 0.043 0.122 -0.165 -0.000 0.200 -0.066 0.023 -0.043 -0.189 0.027 0.208 0.064 -0.043 0.036 0.307 0.036 0.258 0.356 -0.098 -0.153 0.197 -0.315 -0.141 -0.097 0.119 -0.075 0.116 
0.121 -0.624 -0.095 0.021 0.116 -0.191 -0.072 0.042 0.082 0.112 0.164 -0.117 -0.003 -0.292 0.054 0.018 -0.033 0.102 -0.097 -0.053 -0.219 0.068 0.166 -0.236 0.346 0.028 0.151 -0.143 0.059 -0.142 
-0.168 -0.396 -0.074 0.031 0.053 -0.044 -0.067 -0.237 0.047 -0.058 0.171 0.080 -0.134 0.038 -0.156 0.045 -0.133 -0.223 0.049 -0.408 -0.210 0.052 -0.102 0.286 -0.279 0.103 -0.236 0.189 -0.045 0.199 
-0.452 -0.258 -0.073 0.082 0.028 0.086 0.179 -0.329 -0.002 -0.282 0.061 0.028 -0.025 0.268 -0.106 -0.113 -0.091 -0.197 0.105 0.074 0.338 -0.065 -0.055 -0.230 0.035 -0.141 0.251 -0.183 0.023 -0.210 
-0.386 -0.092 -0.080 0.140 0.001 0.147 0.481 -0.152 -0.097 -0.223 -0.015 -0.213 0.194 -0.203 -0.074 0.024 0.107 0.076 -0.091 0.319 -0.159 0.099 0.109 0.138 0.194 0.117 -0.236 0.160 -0.003 0.206 
-0.042 0.031 -0.101 0.225 -0.089 0.100 0.346 0.062 0.014 0.042 0.081 -0.260 0.077 -0.113 0.049 0.082 0.161 0.103 -0.081 -0.341 -0.198 -0.065 -0.106 -0.033 -0.464 -0.083 0.267 -0.166 -0.023 -0.260 
0.094 0.048 -0.199 0.510 -0.301 0.072 0.066 0.128 0.252 0.103 0.147 -0.161 -0.179 0.189 0.142 -0.011 0.037 0.020 0.085 -0.333 0.248 -0.071 0.013 -0.073 0.311 0.021 -0.165 0.094 0.035 0.194 
0.035 -0.016 -0.180 0.520 -0.361 -0.007 -0.309 0.006 -0.022 -0.047 -0.070 0.141 -0.127 -0.092 -0.104 0.072 -0.164 0.039 0.008 0.443 -0.160 0.147 0.049 0.160 -0.149 0.014 0.107 -0.051 -0.049 -0.176 
0.013 -0.068 -0.064 0.190 -0.154 -0.051 -0.192 -0.144 -0.464 -0.032 -0.218 0.226 0.386 -0.112 0.155 -0.019 0.013 0.034 -0.178 -0.091 -0.039 -0.264 -0.127 -0.392 -0.066 -0.061 -0.089 0.020 0.109 0.284 
0.111 -0.088 -0.021 0.073 -0.066 -0.051 0.032 -0.129 -0.260 0.082 -0.165 0.215 0.410 0.087 0.170 -0.000 0.201 -0.122 0.035 -0.180 0.172 0.164 0.082 0.503 0.216 0.078 0.064 0.008 -0.150 -0.356 
0.288 -0.131 0.008 0.053 -0.051 -0.059 0.313 0.045 0.092 0.172 -0.133 0.294 0.158 0.089 -0.324 -0.165 0.365 -0.399 0.246 0.168 -0.002 0.254 0.104 -0.242 -0.167 -0.035 0.012 -0.036 0.106 0.226 
0.184 -0.070 0.020 0.040 -0.038 -0.030 0.275 0.237 -0.025 0.006 -0.116 0.188 -0.072 -0.154 -0.530 -0.614 -0.004 -0.234 -0.184 0.023 -0.056 -0.481 -0.148 0.110 0.128 0.015 -0.064 0.063 -0.106 -0.203 
0.089 0.008 0.008 0.015 -0.006 0.004 0.203 0.168 -0.114 -0.012 -0.083 0.028 0.083 -0.043 -0.144 -0.339 -0.538 -0.006 -0.218 -0.180 0.174 0.472 0.174 0.089 -0.045 0.008 0.175 -0.133 0.148 0.251 
0.128 0.005 -0.003 0.006 0.009 0.005 0.236 0.016 0.074 0.130 -0.058 0.010 0.240 0.073 0.090 0.184 -0.614 -0.066 0.204 0.047 -0.065 -0.081 -0.026 -0.251 -0.045 -0.021 -0.275 0.198 -0.195 -0.314 
0.068 -0.003 -0.004 0.001 0.006 0.001 0.112 -0.031 0.095 0.095 -0.019 0.008 0.130 0.042 0.077 0.202 -0.251 -0.060 0.209 0.107 -0.142 -0.460 -0.153 0.358 0.113 0.028 0.341 -0.240 0.227 0.359 
sigma: 
2.825 2.940 3.215 3.281 3.255 2.990 2.761 2.590 2.236 2.390 2.518 2.752 2.442 1.738 2.091 2.042 2.549 2.591 1.928 1.947 1.535 1.385 1.281 0.595 1.001 0.941 0.384 0.359 0.188 0.024 
V: 
-0.141 -0.042 0.026 0.001 0.012 0.108 0.128 0.048 -0.300 0.352 0.047 0.206 -0.283 -0.189 0.052 0.067 -0.014 0.104 0.176 0.002 0.157 -0.073 0.165 -0.016 -0.046 0.075 0.205 0.357 0.251 -0.476 
-0.230 -0.085 0.068 -0.002 -0.006 0.144 0.172 0.156 -0.154 0.359 0.074 0.403 -0.249 -0.009 0.192 0.022 0.001 0.187 0.025 0.030 -0.032 0.034 -0.073 0.014 0.027 -0.049 -0.183 -0.322 -0.234 0.449 
-0.217 -0.099 0.172 -0.016 -0.115 0.018 0.039 0.256 0.442 -0.089 0.040 0.402 0.212 0.289 0.107 0.015 0.034 0.236 -0.285 -0.028 -0.218 0.061 -0.151 -0.003 0.028 -0.028 0.075 0.144 0.129 -0.262 
-0.160 -0.070 0.420 -0.048 -0.361 -0.193 -0.020 0.041 0.166 -0.061 0.009 0.009 0.173 -0.236 -0.323 0.168 -0.003 0.209 0.189 -0.171 0.278 -0.154 0.320 -0.007 -0.085 0.112 0.012 -0.010 -0.073 0.184 
0.025 -0.060 0.488 -0.063 -0.435 -0.286 0.126 -0.192 -0.182 0.046 0.093 -0.230 -0.166 0.038 0.194 -0.166 -0.026 -0.083 0.061 0.076 -0.160 0.150 -0.316 0.015 0.103 -0.148 -0.067 -0.072 0.050 -0.166 
0.153 -0.030 0.113 -0.021 -0.104 -0.113 0.165 -0.051 -0.124 -0.127 0.143 0.018 -0.190 0.260 0.257 0.118 -0.006 -0.186 -0.403 0.131 -0.053 -0.165 0.352 -0.037 -0.165 0.270 0.213 0.263 -0.060 0.291 
0.200 0.016 -0.025 -0.004 0.009 -0.077 0.169 0.052 -0.137 -0.304 0.198 0.183 -0.131 -0.043 -0.081 0.447 0.004 -0.042 -0.248 -0.006 0.203 -0.065 0.073 0.045 0.054 -0.162 -0.301 -0.392 0.049 -0.348 
0.189 0.100 -0.117 0.006 0.056 -0.175 0.161 -0.035 -0.057 -0.400 0.273 0.266 -0.051 -0.234 0.015 0.060 0.006 0.201 0.225 -0.048 0.075 0.131 -0.359 -0.025 0.126 -0.102 0.239 0.331 -0.018 0.267 
0.038 0.177 -0.198 0.014 0.076 -0.379 0.125 -0.297 0.098 -0.057 0.124 0.168 -0.018 0.078 0.126 -0.380 -0.003 0.337 0.208 -0.003 -0.164 -0.093 0.269 0.003 -0.177 0.233 -0.145 -0.223 -0.007 -0.174 
-0.158 0.168 -0.193 0.019 0.059 -0.517 0.107 -0.233 0.070 0.365 -0.230 -0.022 -0.101 0.130 -0.278 0.199 -0.006 0.098 -0.302 -0.030 0.059 0.021 -0.044 0.018 0.149 -0.276 0.061 0.130 0.031 0.103 
-0.315 0.076 -0.120 0.030 0.058 -0.447 0.010 0.384 0.065 -0.060 -0.162 -0.020 -0.018 -0.247 0.270 0.068 0.008 -0.350 0.021 0.013 0.138 0.049 -0.213 -0.052 -0.108 0.362 0.010 -0.088 -0.080 -0.080 
-0.220 0.086 -0.025 0.065 0.075 -0.228 -0.079 0.407 -0.243 -0.091 0.241 -0.044 0.136 0.172 0.010 -0.053 0.006 -0.170 0.245 -0.019 -0.250 -0.061 0.339 0.095 0.054 -0.451 -0.073 0.089 0.154 0.097 
-0.047 0.129 0.135 0.184 0.180 -0.058 -0.102 0.026 -0.200 0.242 0.560 -0.048 0.270 0.188 -0.315 0.018 -0.006 -0.006 -0.075 0.111 0.043 0.045 -0.182 -0.121 0.080 0.309 0.137 -0.077 -0.227 -0.108 
0.021 0.083 0.374 0.380 0.381 -0.019 -0.040 -0.177 0.214 0.099 0.137 0.060 0.075 -0.284 0.177 -0.119 -0.010 -0.111 -0.169 0.090 0.181 -0.030 -0.012 0.143 -0.183 -0.143 -0.200 0.076 0.315 0.134 
0.040 0.004 0.390 0.374 0.383 -0.038 0.034 0.005 -0.052 -0.189 -0.372 0.025 -0.201 0.096 -0.010 0.101 0.006 0.064 0.138 -0.166 -0.208 0.019 0.112 -0.123 0.180 -0.010 0.203 -0.062 -0.322 -0.131 
0.075 -0.176 0.066 0.089 0.127 -0.084 0.034 0.175 -0.219 -0.089 -0.202 -0.123 -0.071 0.399 -0.162 0.097 0.031 0.266 0.150 0.037 0.099 -0.000 -0.233 0.103 -0.145 0.304 -0.267 0.053 0.444 0.170 
0.185 -0.614 -0.090 0.026 0.145 -0.222 -0.019 0.183 0.044 0.080 0.055 -0.215 0.076 -0.030 0.165 -0.102 0.032 0.283 -0.047 0.254 0.242 -0.074 0.025 0.006 -0.090 -0.245 0.131 -0.007 -0.260 -0.095 
0.036 -0.532 -0.100 0.017 0.092 -0.138 -0.100 -0.099 0.069 0.086 0.193 0.001 -0.072 -0.272 -0.081 0.112 -0.078 -0.097 -0.068 -0.287 -0.412 0.121 0.102 -0.088 0.283 0.233 -0.083 -0.024 0.237 0.082 
-0.333 -0.327 -0.074 0.052 0.038 0.024 -0.040 -0.316 0.013 -0.156 0.124 0.139 -0.153 0.256 -0.146 -0.030 -0.156 -0.294 0.114 -0.284 0.118 -0.049 -0.164 0.178 -0.401 -0.121 0.007 0.062 -0.192 -0.062 
-0.478 -0.166 -0.076 0.117 0.022 0.136 0.338 -0.233 -0.015 -0.270 -0.018 -0.079 0.102 0.052 -0.003 -0.114 0.001 -0.044 0.020 0.345 0.209 -0.010 0.106 -0.245 0.385 0.029 0.052 -0.097 0.177 0.053 
-0.181 0.003 -0.081 0.164 -0.022 0.131 0.473 -0.002 -0.119 -0.051 -0.005 -0.280 0.189 -0.272 -0.093 0.149 0.169 0.167 -0.129 0.027 -0.367 0.096 -0.023 0.304 -0.278 0.038 -0.110 0.135 -0.183 -0.052 
0.083 0.064 -0.162 0.386 -0.192 0.094 0.254 0.119 0.136 0.122 0.154 -0.259 -0.039 0.112 0.163 -0.018 0.142 0.037 0.007 -0.511 0.123 -0.155 -0.077 -0.300 -0.078 -0.093 0.178 -0.171 0.169 0.044 
0.067 0.014 -0.201 0.567 -0.369 0.025 -0.167 0.066 0.184 0.013 0.051 0.019 -0.215 0.072 -0.000 0.006 -0.097 -0.010 0.088 0.171 0.091 0.110 0.093 0.298 0.267 0.112 -0.229 0.204 -0.178 -0.045 
-0.015 -0.040 -0.111 0.352 -0.266 -0.037 -0.297 -0.060 -0.219 -0.076 -0.150 0.195 0.053 -0.163 -0.120 0.075 -0.131 0.066 -0.083 0.299 -0.231 -0.002 -0.061 -0.257 -0.360 -0.109 0.261 -0.222 0.180 0.044 
0.031 -0.089 -0.045 0.129 -0.114 -0.062 -0.111 -0.174 -0.450 0.005 -0.216 0.228 0.503 -0.006 0.262 -0.070 0.102 0.008 -0.142 -0.294 0.114 -0.207 -0.053 0.032 0.194 0.038 -0.188 0.147 -0.104 -0.024 
0.242 -0.120 -0.004 0.051 -0.049 -0.057 0.220 -0.078 0.046 0.168 -0.100 0.241 0.262 0.143 -0.012 0.087 0.329 -0.294 0.238 0.056 0.092 0.464 0.161 0.227 -0.051 0.019 0.257 -0.182 0.106 0.023 
0.234 -0.106 0.020 0.050 -0.049 -0.045 0.289 0.154 0.076 0.069 -0.096 0.232 -0.045 -0.058 -0.398 -0.298 0.212 -0.312 0.033 0.138 -0.101 -0.283 -0.092 -0.330 -0.047 -0.040 -0.273 0.187 -0.101 -0.021 
0.061 -0.008 0.017 0.026 -0.022 -0.004 0.154 0.223 -0.132 -0.077 -0.078 0.061 -0.063 -0.109 -0.254 -0.477 -0.270 -0.022 -0.280 -0.141 0.067 -0.098 -0.014 0.454 0.145 0.059 0.322 -0.217 0.112 0.023 
0.111 0.021 0.003 0.011 0.004 0.010 0.232 0.103 -0.060 0.040 -0.071 0.002 0.173 0.035 0.003 -0.075 -0.649 0.007 -0.052 -0.113 0.116 0.479 0.149 -0.305 -0.136 -0.039 -0.198 0.132 -0.066 -0.014 
0.145 -0.008 -0.009 0.003 0.015 0.002 0.233 -0.061 0.160 0.172 -0.036 0.017 0.239 0.055 0.122 0.311 -0.482 -0.118 0.304 0.156 -0.165 -0.480 -0.148 0.161 0.085 0.020 0.099 -0.065 0.032 0.006 
