NT: 16
Number of threads: 1
-------------------------------- Test 1 (Squared matrix SVD) sequential --------------------------------
Dimensions, height: 10, width: 10
A: 
1.788 1.712 0.000 0.000 0.000 0.000 0.000 0.000 0.000 0.000 
0.000 1.132 1.495 0.000 0.000 0.000 0.000 0.000 0.000 0.000 
0.000 0.000 1.186 1.778 0.000 0.000 0.000 0.000 0.000 0.000 
0.000 0.000 0.000 1.717 1.962 0.000 0.000 0.000 0.000 0.000 
0.000 0.000 0.000 0.000 1.896 1.594 0.000 0.000 0.000 0.000 
0.000 0.000 0.000 0.000 0.000 1.372 1.040 0.000 0.000 0.000 
0.000 0.000 0.000 0.000 0.000 0.000 1.111 1.514 0.000 0.000 
0.000 0.000 0.000 0.000 0.000 0.000 0.000 1.193 1.226 0.000 
0.000 0.000 0.000 0.000 0.000 0.000 0.000 0.000 1.186 1.486 
0.000 0.000 0.000 0.000 0.000 0.000 0.000 0.000 0.000 1.238 
SVD sequential time with U,V calculation: 0.004
U: 
-0.388 0.272 0.149 -0.751 0.033 0.142 -0.080 0.092 0.231 -0.324 
-0.013 -0.054 -0.130 -0.508 0.087 -0.364 0.245 -0.278 -0.504 0.483 
0.404 -0.365 -0.231 -0.305 0.346 0.330 -0.375 0.406 0.206 0.278 
0.223 -0.109 0.085 0.008 0.714 -0.158 0.399 -0.409 0.113 -0.402 
-0.368 0.330 0.136 0.251 0.580 -0.030 -0.405 0.383 -0.318 0.156 
-0.390 0.126 -0.250 0.136 0.156 0.339 0.431 -0.329 0.423 0.476 
-0.395 -0.321 -0.577 0.051 0.024 -0.474 -0.294 0.037 0.212 -0.184 
-0.335 -0.476 -0.133 0.024 0.005 0.407 0.292 0.145 -0.462 -0.275 
-0.263 -0.522 0.578 0.011 0.001 0.092 -0.232 -0.313 0.062 0.169 
-0.104 -0.228 0.365 0.003 0.000 -0.445 0.243 0.455 0.307 0.183 
sigma: 
2.489 2.397 2.108 2.728 3.362 1.073 0.148 0.522 1.379 1.799 
V: 
-0.279 0.203 0.127 -0.492 0.017 0.236 -0.562 0.240 0.300 -0.322 
-0.273 0.168 0.052 -0.682 0.046 -0.158 0.580 -0.223 -0.127 -0.004 
0.185 -0.214 -0.222 -0.411 0.161 -0.142 -0.415 0.072 -0.369 0.585 
0.443 -0.349 -0.126 -0.193 0.548 0.294 0.246 0.072 0.407 -0.109 
-0.104 0.172 0.201 0.181 0.744 -0.344 -0.185 -0.171 -0.276 -0.273 
-0.450 0.292 -0.060 0.215 0.339 0.388 0.183 0.329 0.054 0.502 
-0.339 -0.094 -0.428 0.073 0.056 -0.163 -0.180 -0.600 0.490 0.162 
-0.401 -0.440 -0.490 0.039 0.013 -0.217 0.103 0.453 -0.166 -0.337 
-0.290 -0.501 0.248 0.015 0.002 0.567 -0.065 -0.379 -0.357 -0.076 
-0.208 -0.441 0.622 0.007 0.001 -0.386 0.029 0.192 0.343 0.266 
-------------------------------- Test 1 (Squared matrix SVD) sequential --------------------------------
Dimensions, height: 20, width: 20
A: 
1.788 1.286 0.000 0.000 0.000 0.000 0.000 0.000 0.000 0.000 0.000 0.000 0.000 0.000 0.000 0.000 0.000 0.000 0.000 0.000 
0.000 1.132 1.835 0.000 0.000 0.000 0.000 0.000 0.000 0.000 0.000 0.000 0.000 0.000 0.000 0.000 0.000 0.000 0.000 0.000 
0.000 0.000 1.186 1.883 0.000 0.000 0.000 0.000 0.000 0.000 0.000 0.000 0.000 0.000 0.000 0.000 0.000 0.000 0.000 0.000 
0.000 0.000 0.000 1.717 1.129 0.000 0.000 0.000 0.000 0.000 0.000 0.000 0.000 0.000 0.000 0.000 0.000 0.000 0.000 0.000 
0.000 0.000 0.000 0.000 1.896 1.406 0.000 0.000 0.000 0.000 0.000 0.000 0.000 0.000 0.000 0.000 0.000 0.000 0.000 0.000 
0.000 0.000 0.000 0.000 0.000 1.372 1.765 0.000 0.000 0.000 0.000 0.000 0.000 0.000 0.000 0.000 0.000 0.000 0.000 0.000 
0.000 0.000 0.000 0.000 0.000 0.000 1.111 1.840 0.000 0.000 0.000 0.000 0.000 0.000 0.000 0.000 0.000 0.000 0.000 0.000 
0.000 0.000 0.000 0.000 0.000 0.000 0.000 1.193 1.200 0.000 0.000 0.000 0.000 0.000 0.000 0.000 0.000 0.000 0.000 0.000 
0.000 0.000 0.000 0.000 0.000 0.000 0.000 0.000 1.186 1.287 0.000 0.000 0.000 0.000 0.000 0.000 0.000 0.000 0.000 0.000 
0.000 0.000 0.000 0.000 0.000 0.000 0.000 0.000 0.000 1.238 1.328 0.000 0.000 0.000 0.000 0.000 0.000 0.000 0.000 0.000 
0.000 0.000 0.000 0.000 0.000 0.000 0.000 0.000 0.000 0.000 1.712 1.895 0.000 0.000 0.000 0.000 0.000 0.000 0.000 0.000 
0.000 0.000 0.000 0.000 0.000 0.000 0.000 0.000 0.000 0.000 0.000 1.495 1.941 0.000 0.000 0.000 0.000 0.000 0.000 0.000 
0.000 0.000 0.000 0.000 0.000 0.000 0.000 0.000 0.000 0.000 0.000 0.000 1.778 1.685 0.000 0.000 0.000 0.000 0.000 0.000 
0.000 0.000 0.000 0.000 0.000 0.000 0.000 0.000 0.000 0.000 0.000 0.000 0.000 1.962 1.895 0.000 0.000 0.000 0.000 0.000 
0.000 0.000 0.000 0.000 0.000 0.000 0.000 0.000 0.000 0.000 0.000 0.000 0.000 0.000 1.594 1.075 0.000 0.000 0.000 0.000 
0.000 0.000 0.000 0.000 0.000 0.000 0.000 0.000 0.000 0.000 0.000 0.000 0.000 0.000 0.000 1.040 1.148 0.000 0.000 0.000 
0.000 0.000 0.000 0.000 0.000 0.000 0.000 0.000 0.000 0.000 0.000 0.000 0.000 0.000 0.000 0.000 1.514 1.442 0.000 0.000 
0.000 0.000 0.000 0.000 0.000 0.000 0.000 0.000 0.000 0.000 0.000 0.000 0.000 0.000 0.000 0.000 0.000 1.226 1.825 0.000 
0.000 0.000 0.000 0.000 0.000 0.000 0.000 0.000 0.000 0.000 0.000 0.000 0.000 0.000 0.000 0.000 0.000 0.000 1.486 1.984 
0.000 0.000 0.000 0.000 0.000 0.000 0.000 0.000 0.000 0.000 0.000 0.000 0.000 0.000 0.000 0.000 0.000 0.000 0.000 1.671 
SVD sequential time with U,V calculation: 0.052
U: 
-0.221 -0.151 0.247 -0.472 0.451 0.498 0.110 0.150 -0.311 0.005 -0.028 0.000 -0.109 -0.074 -0.136 0.021 0.046 -0.084 -0.035 0.011 
0.286 -0.201 0.370 -0.180 -0.125 0.146 -0.434 0.315 0.399 -0.013 0.063 0.007 -0.168 -0.137 -0.299 -0.057 -0.142 0.266 0.114 -0.037 
0.090 -0.033 0.171 0.230 -0.110 -0.190 -0.216 0.371 -0.139 0.011 -0.069 0.009 -0.446 -0.335 0.080 0.080 0.245 -0.485 -0.214 0.072 
-0.225 0.144 -0.188 0.152 0.094 -0.076 -0.260 0.127 -0.226 -0.007 0.030 0.009 -0.426 -0.323 0.246 -0.060 -0.248 0.531 0.245 -0.085 
-0.118 0.165 -0.478 -0.243 0.038 0.177 -0.529 -0.342 0.280 -0.014 0.068 0.010 -0.286 -0.235 -0.051 -0.031 0.072 -0.260 -0.149 0.059 
0.322 -0.170 0.019 -0.138 -0.114 -0.107 0.138 -0.555 -0.194 0.031 -0.173 0.001 -0.264 -0.198 -0.304 0.140 0.082 0.133 0.152 -0.076 
-0.089 -0.162 0.500 0.193 0.178 -0.097 -0.212 -0.487 -0.104 -0.044 0.232 0.001 -0.068 -0.063 0.081 -0.255 -0.262 -0.069 -0.232 0.136 
-0.218 0.094 0.380 0.206 0.036 0.192 -0.177 -0.234 0.240 0.028 -0.169 -0.002 0.005 -0.025 0.226 0.295 0.430 0.019 0.343 -0.219 
0.064 0.275 0.162 0.089 -0.369 0.456 0.219 -0.077 0.153 0.025 -0.218 -0.016 -0.020 -0.092 0.210 0.007 -0.336 0.071 -0.309 0.229 
0.314 0.047 0.023 -0.098 -0.381 0.295 0.058 -0.025 -0.253 -0.137 0.291 -0.056 0.133 -0.191 0.312 -0.273 0.175 -0.143 0.269 -0.244 
0.144 -0.299 -0.039 -0.246 -0.064 -0.110 -0.159 0.003 -0.102 -0.252 -0.302 -0.138 0.417 -0.452 0.381 0.270 0.013 0.145 -0.162 0.193 
-0.277 0.085 0.012 0.093 0.137 -0.123 0.215 0.021 0.257 -0.449 -0.409 -0.099 0.235 -0.384 -0.279 -0.308 -0.169 -0.206 0.151 -0.249 
0.000 0.280 0.010 0.233 0.087 0.112 -0.059 0.009 -0.193 -0.613 -0.216 0.019 -0.021 0.061 -0.359 0.225 0.263 0.227 -0.126 0.274 
0.201 -0.152 -0.027 -0.081 -0.029 0.054 -0.158 -0.017 -0.075 -0.526 -0.575 0.123 -0.296 0.440 0.262 -0.018 -0.268 -0.182 0.067 -0.238 
-0.186 -0.235 0.020 -0.242 -0.183 -0.136 0.292 -0.013 0.385 -0.230 -0.022 0.056 -0.245 0.175 0.284 -0.207 0.336 0.186 -0.025 0.285 
-0.342 0.134 0.125 -0.281 -0.333 -0.227 0.064 -0.003 -0.006 -0.069 0.217 -0.034 -0.053 0.038 0.006 0.549 -0.263 -0.087 -0.100 -0.299 
-0.106 0.502 0.223 -0.409 -0.184 -0.359 -0.198 -0.002 -0.239 0.029 -0.196 -0.176 0.002 0.080 0.002 -0.309 0.085 -0.010 0.149 0.229 
0.394 0.331 0.081 -0.137 0.387 -0.157 0.113 -0.000 0.221 -0.014 0.068 -0.491 -0.105 0.067 0.132 0.049 0.069 0.110 -0.261 -0.272 
-0.084 -0.223 -0.084 0.154 -0.056 0.142 -0.017 0.000 0.007 -0.008 0.040 -0.739 -0.117 0.128 -0.045 0.133 -0.168 -0.180 0.359 0.335 
-0.269 -0.252 -0.070 0.125 -0.263 0.133 -0.132 0.000 -0.169 0.021 -0.114 -0.360 -0.031 0.084 -0.104 -0.246 0.234 0.232 -0.442 -0.398 
sigma: 
1.964 2.331 2.530 2.410 2.014 2.254 1.877 2.812 1.702 3.281 1.671 3.091 2.949 3.012 2.389 1.000 0.641 0.469 0.310 0.055 
V: 
-0.235 -0.088 0.155 -0.379 0.388 0.389 0.195 0.095 -0.322 0.019 -0.053 -0.002 -0.113 -0.073 -0.034 0.038 0.129 -0.319 -0.200 0.367 
-0.011 -0.150 0.271 -0.358 0.167 0.332 -0.110 0.195 0.036 -0.014 0.037 0.003 -0.092 -0.073 -0.204 -0.036 -0.157 0.413 0.270 -0.509 
0.313 -0.163 0.343 -0.016 -0.241 -0.025 -0.377 0.362 0.348 -0.014 0.035 0.010 -0.213 -0.180 -0.263 -0.008 0.047 -0.187 -0.147 0.313 
-0.103 0.061 0.014 0.304 0.034 -0.211 0.022 0.326 -0.345 0.028 -0.083 0.008 -0.564 -0.422 0.267 0.048 0.054 -0.003 0.058 -0.195 
-0.235 0.205 -0.443 -0.137 0.115 0.169 -0.467 -0.180 0.184 -0.063 0.170 0.013 -0.256 -0.220 0.115 -0.126 -0.223 0.225 -0.020 0.293 
0.152 -0.003 -0.262 -0.233 -0.101 0.056 -0.078 -0.442 0.090 0.053 -0.148 0.005 -0.255 -0.206 -0.243 0.149 0.333 -0.390 -0.006 -0.393 
0.240 -0.221 0.231 -0.008 -0.051 -0.181 0.207 -0.541 -0.257 0.016 -0.048 -0.001 -0.242 -0.177 -0.222 -0.036 -0.229 0.339 0.031 0.303 
-0.240 -0.071 0.549 0.258 0.225 -0.009 -0.341 -0.418 0.059 -0.089 0.240 0.003 0.037 0.003 0.239 -0.117 0.047 -0.222 -0.058 -0.179 
-0.117 0.253 0.256 0.157 -0.164 0.371 0.062 -0.132 0.281 0.166 -0.473 -0.008 -0.024 -0.065 0.212 0.362 0.183 0.228 0.146 0.168 
0.206 0.264 0.083 0.021 -0.426 0.458 0.263 -0.046 -0.057 -0.089 0.153 -0.032 -0.024 -0.155 0.194 -0.329 -0.336 -0.185 -0.210 -0.145 
0.273 -0.163 -0.032 -0.198 -0.180 0.074 -0.163 -0.010 -0.271 -0.256 0.223 -0.101 0.318 -0.289 0.380 0.101 0.398 0.122 0.258 0.125 
-0.097 -0.220 -0.023 -0.134 0.095 -0.199 -0.010 0.013 0.153 -0.206 -0.468 -0.135 0.361 -0.458 0.137 0.051 -0.355 -0.074 -0.260 -0.107 
-0.205 0.272 0.034 0.219 0.070 0.010 0.216 0.021 0.107 -0.600 0.008 -0.054 0.080 -0.243 -0.448 -0.198 0.217 0.007 0.224 0.076 
0.216 0.100 -0.020 0.102 0.031 0.139 -0.293 -0.006 -0.308 -0.560 -0.222 0.093 -0.121 0.366 -0.036 0.343 -0.129 0.056 -0.260 -0.071 
-0.016 -0.291 -0.015 -0.210 -0.063 -0.079 0.147 -0.019 0.251 -0.330 -0.277 0.104 -0.336 0.320 0.368 -0.365 0.043 -0.103 0.280 0.067 
-0.316 -0.079 0.071 -0.231 -0.250 -0.167 0.292 -0.006 0.237 -0.213 0.375 0.005 -0.173 0.016 0.086 0.348 0.137 0.233 -0.422 -0.084 
-0.298 0.343 0.211 -0.381 -0.358 -0.295 -0.160 -0.002 -0.223 -0.003 -0.024 -0.097 0.020 0.086 -0.066 0.163 -0.271 -0.247 0.355 0.062 
0.168 0.452 0.170 -0.283 0.119 -0.252 -0.090 -0.001 -0.048 0.070 -0.202 -0.276 -0.017 0.077 0.072 -0.386 0.322 0.256 -0.341 -0.056 
0.311 0.120 -0.002 0.009 0.347 -0.025 0.177 0.000 0.238 -0.073 0.198 -0.646 -0.159 0.058 0.125 0.286 -0.192 -0.144 0.185 0.030 
-0.316 -0.352 -0.106 0.180 -0.317 0.180 -0.148 0.001 -0.172 0.041 -0.114 -0.667 -0.055 0.151 -0.148 -0.147 0.090 0.065 -0.082 -0.013 
-------------------------------- Test 1 (Squared matrix SVD) sequential --------------------------------
Dimensions, height: 30, width: 30
A: 
1.788 1.895 -1.139 -0.129 0.207 0.008 0.016 -0.505 -0.322 -1.362 0.021 0.009 -0.011 0.011 -0.084 0.162 0.154 0.456 -0.017 0.153 -0.008 -0.016 -0.117 0.210 0.133 0.071 0.359 0.240 0.343 -0.008 
0.562 1.132 1.941 0.276 -0.815 0.060 -0.041 -0.684 -0.495 -1.156 -0.057 -0.109 0.035 -0.014 -0.269 0.023 0.125 0.295 -0.132 -0.253 0.021 -0.056 -0.031 0.312 -0.246 -0.143 -0.442 -0.240 0.452 0.258 
0.177 0.652 1.186 1.685 -0.405 0.027 0.036 -0.360 -1.314 0.185 0.080 0.169 -0.066 0.015 -0.151 -0.039 0.451 -0.110 0.150 -0.102 -0.028 -0.138 -0.074 0.381 0.046 0.145 0.011 -0.117 0.120 0.157 
-0.442 -0.355 0.368 1.717 1.895 -0.048 -0.024 -0.961 -1.256 1.325 -0.060 -0.172 0.076 -0.013 -0.201 0.012 -0.125 -0.123 0.315 0.257 0.063 -0.099 -0.137 -0.279 -0.142 -0.206 -0.037 0.206 -0.352 0.021 
-0.232 -0.548 -0.587 -0.370 1.896 1.075 -0.046 -0.038 -0.844 0.529 -0.031 0.216 -0.046 0.016 -0.033 0.010 -0.110 0.112 0.371 -0.193 -0.069 0.019 -0.335 -0.359 0.245 0.227 0.072 0.273 0.155 -0.198 
0.632 0.311 -0.334 -0.671 0.259 1.372 1.148 0.363 -0.778 0.115 0.140 -0.169 0.047 -0.016 0.144 -0.027 0.094 0.054 0.127 -0.075 0.030 0.123 -0.323 0.262 -0.248 -0.182 -0.085 -0.097 0.271 -0.134 
-0.176 1.170 0.465 -0.370 -0.397 -0.005 1.111 1.442 -0.200 0.241 -0.255 0.054 -0.072 0.013 0.165 0.020 0.038 -0.136 -0.342 0.385 0.068 0.056 -0.235 0.284 0.072 0.186 0.059 -0.205 0.343 0.219 
-0.428 0.773 0.496 0.780 -0.332 -0.001 0.093 1.193 1.825 0.201 0.295 0.044 0.107 -0.015 -0.170 0.125 -0.114 -0.227 -0.555 -0.006 -0.173 -0.034 -0.198 0.006 0.082 -0.087 -0.076 0.216 0.014 0.102 
0.126 -0.521 0.214 -0.113 0.411 0.001 0.081 0.067 1.186 1.984 0.007 -0.108 -0.096 0.018 -0.162 0.223 0.178 -0.359 -0.487 -0.239 0.232 -0.176 -0.063 0.002 -0.262 -0.010 0.136 -0.016 -0.443 -0.210 
0.618 -0.588 -0.236 -0.529 0.108 0.001 -0.451 -0.191 0.393 1.238 1.547 0.150 0.083 -0.022 0.094 0.081 0.036 -0.157 -0.234 0.221 -0.169 -0.491 -0.025 0.132 0.430 0.110 -0.219 -0.316 -0.262 -0.231 
0.283 0.625 -0.593 1.123 -0.299 -0.530 -0.828 0.001 1.228 -0.324 1.712 1.376 -0.050 0.000 0.275 -0.084 -0.369 0.142 -0.077 0.007 -0.218 -0.739 -0.092 -0.045 -0.336 -0.180 0.229 -0.298 0.231 -0.381 
-0.543 0.936 0.225 0.330 0.403 0.679 -1.472 0.022 0.694 -0.714 -0.308 1.495 1.301 0.000 0.047 -0.070 -0.381 0.133 -0.025 -0.169 0.291 -0.360 -0.191 -0.104 0.175 0.232 -0.244 0.168 0.549 -0.283 
0.000 0.434 0.562 -0.427 -0.110 -0.236 -2.011 0.027 -0.062 0.191 0.225 -0.227 1.778 1.418 -0.299 -0.472 -0.064 0.110 0.003 0.005 -0.302 -0.109 -0.452 0.021 0.013 -0.035 0.193 0.311 0.256 0.009 
0.395 -0.476 -0.196 -0.172 -0.296 -0.384 -1.725 0.028 -0.874 0.589 -0.018 0.249 0.021 1.962 1.998 -0.180 0.137 -0.434 0.021 -0.013 -0.409 -0.168 -0.384 -0.057 -0.169 0.114 -0.249 -0.316 0.083 0.180 
-0.365 -1.208 -0.583 0.399 0.548 0.476 -0.755 0.031 -0.721 -0.123 -0.207 -0.122 -0.008 0.090 1.594 1.214 0.087 -0.216 0.009 0.011 -0.216 -0.446 0.061 0.080 0.263 -0.214 0.274 -0.088 -0.032 0.388 
-0.671 0.047 -0.677 -0.242 0.120 -0.330 -0.225 0.004 -0.157 -0.726 0.549 0.063 -0.031 -0.225 -0.152 1.040 1.831 -0.260 -0.017 -0.007 -0.575 -0.426 0.440 -0.060 -0.268 0.245 -0.238 -0.150 -0.023 0.167 
-0.209 1.266 -0.985 -0.218 -0.372 -0.177 0.096 0.004 0.005 0.192 -0.309 -0.032 0.046 -0.118 -0.235 -0.243 1.514 1.702 -0.013 -0.014 -0.022 -0.286 0.175 -0.031 0.336 -0.149 0.285 -0.163 0.034 -0.241 
0.773 0.962 -0.331 0.434 0.211 0.408 -0.047 -0.006 -0.310 0.540 0.049 0.009 -0.081 0.322 0.134 -0.138 -0.333 1.226 1.560 0.031 0.217 -0.264 0.038 0.140 -0.263 0.152 -0.299 0.061 -0.020 0.034 
-0.166 0.410 0.370 1.028 -0.031 0.260 -0.027 -0.051 -0.345 0.502 0.133 0.033 0.112 -0.089 0.502 0.193 -0.184 -0.212 1.486 1.639 -0.196 -0.068 0.080 -0.255 0.085 -0.232 0.229 0.205 -0.015 0.115 
-0.529 0.059 0.300 0.665 -0.247 -0.430 0.068 -0.174 -0.092 0.745 -0.246 -0.067 -0.137 -0.218 0.331 0.206 0.387 -0.177 -0.000 1.671 1.616 0.005 0.067 0.295 0.069 0.343 -0.272 -0.003 0.071 -0.101 
-0.351 -0.099 0.908 -0.249 0.422 -0.174 -0.047 -0.428 -0.224 0.910 0.030 0.068 0.001 0.064 -0.223 0.089 -0.056 0.219 0.000 0.025 1.286 1.368 0.128 0.007 -0.168 -0.309 0.335 -0.221 0.211 -0.051 
-0.468 0.031 -0.252 -0.277 0.886 0.437 0.106 -0.306 -0.412 -0.665 -0.091 -0.097 -0.002 0.314 -0.252 -0.098 -0.263 0.058 0.000 -0.137 -0.114 1.835 1.704 -0.273 0.234 0.269 -0.398 -0.071 0.170 0.225 
-0.078 0.027 -0.221 0.252 1.043 -0.328 -0.115 0.060 -1.008 -0.857 0.157 0.107 0.004 0.144 0.247 -0.246 0.498 -0.159 -0.311 -0.252 0.000 0.417 1.883 1.811 -0.084 -0.162 0.000 0.253 -0.002 -0.164 
0.337 -0.068 0.188 0.122 0.357 -0.127 0.050 0.379 -0.974 0.627 -0.159 -0.085 -0.005 -0.277 0.370 0.093 0.146 0.215 0.399 -0.449 0.007 0.235 -0.299 1.129 1.754 0.151 0.000 0.264 -0.106 -0.426 
0.385 0.052 0.076 -0.306 -0.961 0.656 0.114 0.172 -0.706 0.679 0.046 0.087 0.003 0.000 0.171 0.233 -0.190 -0.059 -0.139 -0.613 0.009 -0.021 0.080 0.225 1.406 1.119 -0.235 -0.163 -0.379 -0.180 
-0.395 0.316 -0.229 -0.513 -1.560 -0.010 -0.288 -0.106 -0.595 0.013 0.052 -0.041 -0.004 0.201 -0.188 -0.081 -0.076 -0.158 -0.226 -0.526 0.009 -0.296 0.246 -0.018 0.531 1.765 1.651 -0.220 -0.358 0.095 
-0.377 0.565 0.358 -0.810 -1.370 -0.407 0.388 -0.545 -0.191 0.004 -0.168 -0.005 0.007 -0.186 -0.478 -0.242 0.177 0.292 0.280 -0.230 0.010 -0.245 -0.051 -0.207 -0.260 -0.025 1.840 1.481 -0.016 0.070 
0.219 0.205 0.072 -0.354 -0.658 0.376 -0.282 -1.517 -0.074 0.316 0.276 0.051 -0.012 -0.342 0.019 -0.281 -0.107 0.064 -0.194 -0.069 0.001 -0.053 -0.304 0.549 0.133 -0.100 -0.103 1.200 1.613 0.031 
0.640 -0.213 -0.743 0.319 -0.216 0.013 -0.365 -2.283 -0.276 -0.108 -0.216 -0.084 0.013 -0.106 0.500 -0.409 -0.097 -0.198 -0.104 0.029 0.001 0.002 0.081 -0.309 -0.069 0.149 -0.235 -0.291 1.287 1.515 
0.110 -0.177 -0.767 0.300 -0.071 -0.288 0.486 -1.114 -0.575 -0.247 0.112 0.109 -0.013 0.394 0.380 -0.137 0.192 0.113 0.240 -0.014 -0.002 -0.105 0.226 0.049 0.019 -0.261 0.152 -0.079 -0.233 1.328 
SVD sequential time with U,V calculation: 0.169
U: 
-0.027 -0.015 -0.510 -0.123 0.006 -0.007 0.023 -0.292 -0.399 -0.070 0.241 -0.026 0.177 0.022 -0.228 0.010 0.179 -0.087 0.063 0.221 -0.158 -0.388 -0.114 0.055 0.003 0.027 0.027 0.097 0.023 -0.108 
-0.036 0.251 0.036 0.227 0.190 -0.133 -0.111 0.238 -0.243 -0.038 -0.139 0.163 0.085 -0.304 -0.225 0.004 0.171 -0.171 -0.128 0.013 0.261 -0.188 -0.040 -0.193 0.396 -0.277 -0.202 -0.050 -0.098 0.202 
-0.064 -0.057 0.151 0.042 0.086 -0.284 -0.090 0.315 -0.172 -0.014 0.138 -0.073 0.085 -0.361 0.030 0.031 -0.037 -0.133 -0.167 0.152 -0.001 0.018 -0.066 0.118 -0.339 -0.020 0.476 0.241 0.290 -0.029 
-0.018 -0.130 -0.091 -0.094 0.001 -0.168 0.192 0.013 -0.034 -0.007 0.038 -0.229 -0.027 -0.356 0.452 -0.070 -0.137 -0.124 -0.220 0.154 -0.144 0.027 -0.084 0.063 0.264 0.256 -0.322 -0.269 -0.024 -0.098 
0.026 -0.143 0.037 0.001 0.008 -0.100 0.259 -0.163 -0.012 -0.083 0.066 -0.095 0.041 0.107 0.310 -0.302 0.074 0.119 0.071 0.259 0.068 0.063 0.149 -0.046 0.203 -0.504 0.288 0.201 -0.244 0.116 
-0.064 0.306 0.234 0.170 0.079 -0.088 -0.087 -0.173 -0.049 -0.231 0.147 0.162 0.005 0.065 0.027 -0.215 0.114 -0.068 0.159 0.409 -0.025 0.148 -0.169 0.204 -0.337 -0.066 -0.219 -0.346 0.060 0.145 
0.219 -0.176 0.201 -0.088 0.157 0.069 -0.114 0.119 0.128 -0.174 0.220 0.220 0.007 -0.074 -0.170 -0.030 0.075 -0.013 0.163 0.367 -0.294 0.175 0.213 -0.270 0.301 0.371 0.062 0.141 0.031 0.065 
0.005 -0.030 0.260 -0.154 0.082 -0.039 0.043 -0.004 0.301 0.125 0.017 0.001 0.173 -0.151 -0.214 0.135 0.132 0.054 0.011 -0.034 -0.486 -0.235 0.123 0.278 0.083 -0.388 0.035 -0.256 -0.069 -0.250 
-0.115 0.102 0.128 -0.082 0.124 0.076 -0.163 -0.115 0.337 0.076 -0.066 -0.262 -0.294 -0.008 0.102 -0.090 -0.101 -0.125 -0.102 0.122 -0.145 -0.474 -0.160 -0.232 -0.159 -0.002 -0.098 0.246 0.027 0.353 
0.098 0.227 -0.108 0.443 0.003 -0.053 -0.293 -0.148 0.133 0.201 0.070 -0.325 -0.023 0.134 0.089 -0.044 0.009 0.013 -0.043 0.108 -0.042 0.100 -0.111 -0.175 0.302 -0.050 0.209 -0.131 0.351 -0.274 
0.114 -0.071 0.161 -0.005 -0.269 -0.156 0.016 -0.233 0.004 0.419 0.140 -0.270 0.335 -0.088 -0.174 0.307 0.102 0.067 -0.033 0.206 0.154 0.128 0.052 0.063 -0.008 0.088 -0.062 -0.001 -0.201 0.389 
0.059 0.082 0.106 -0.294 0.097 0.008 0.377 0.053 -0.072 0.317 -0.022 -0.089 -0.109 -0.129 -0.119 -0.137 0.357 0.418 0.160 0.058 0.180 0.018 -0.243 -0.147 -0.074 0.063 -0.051 -0.070 0.220 -0.150 
0.036 0.275 -0.205 0.257 0.118 0.357 0.213 0.230 -0.097 0.403 -0.029 -0.057 -0.045 -0.002 -0.069 -0.334 0.105 -0.182 -0.106 -0.028 -0.318 0.173 0.155 0.171 -0.060 0.108 0.068 0.077 -0.135 0.219 
-0.048 -0.410 0.180 -0.006 0.058 0.264 -0.206 0.232 -0.163 0.455 0.188 0.267 0.079 0.230 0.215 -0.080 -0.039 -0.257 0.012 0.142 0.074 -0.098 -0.180 -0.004 0.016 -0.148 -0.080 -0.120 0.040 -0.094 
0.055 0.477 0.103 -0.183 0.030 -0.210 0.074 0.121 -0.078 0.143 0.091 0.156 0.209 0.223 0.315 0.102 -0.105 0.077 0.344 -0.058 0.038 -0.362 0.070 0.050 0.199 0.187 0.104 0.072 0.077 0.078 
0.144 -0.127 -0.034 0.417 0.452 -0.127 0.249 0.046 -0.074 -0.005 0.053 -0.119 -0.159 0.216 -0.024 0.348 -0.132 0.118 0.076 0.151 0.048 -0.205 0.223 0.108 -0.151 0.083 -0.094 -0.104 -0.052 0.004 
0.024 0.049 0.192 -0.108 0.469 0.223 0.152 -0.138 -0.124 -0.104 0.333 -0.274 0.155 0.045 -0.200 -0.001 -0.215 0.018 -0.054 -0.226 0.081 0.139 -0.227 -0.162 0.071 -0.074 -0.020 0.040 -0.049 -0.036 
-0.190 0.079 0.266 0.102 -0.134 0.104 0.004 -0.226 -0.156 0.004 0.401 0.017 -0.257 -0.192 0.020 -0.169 0.044 -0.008 -0.140 -0.201 0.164 -0.202 0.438 0.138 0.101 0.121 0.068 -0.074 0.110 -0.031 
0.046 0.007 -0.020 0.331 -0.251 -0.007 0.046 0.013 -0.035 0.072 0.267 0.190 -0.026 -0.340 0.124 0.029 -0.180 0.239 0.196 -0.088 -0.280 -0.062 -0.170 -0.357 -0.200 -0.117 -0.148 0.143 -0.198 -0.095 
-0.129 0.018 -0.340 -0.148 0.154 0.269 -0.224 0.126 0.077 -0.008 0.106 -0.046 -0.269 -0.306 0.098 0.148 -0.203 0.319 0.295 0.096 0.107 0.104 -0.031 0.291 0.144 -0.156 0.093 -0.106 0.054 0.264 
0.407 0.195 0.030 -0.012 -0.008 0.423 -0.102 0.097 0.061 -0.107 -0.168 -0.156 0.296 -0.203 0.124 -0.129 -0.026 0.067 -0.073 0.212 0.294 -0.245 0.186 0.025 -0.198 0.052 -0.028 0.028 -0.194 -0.312 
-0.078 -0.161 0.188 0.139 -0.140 0.348 0.165 0.049 -0.154 -0.246 -0.179 -0.009 0.351 0.098 0.144 0.093 0.259 0.380 -0.278 -0.012 -0.220 -0.137 -0.159 0.082 0.117 0.053 0.022 -0.019 0.286 0.295 
-0.276 0.148 0.163 0.016 -0.113 0.206 0.124 0.225 -0.230 -0.182 0.037 -0.339 -0.110 0.089 0.145 0.357 0.323 -0.226 0.206 0.102 -0.119 0.120 0.007 -0.152 -0.007 -0.052 0.054 -0.035 -0.226 -0.141 
0.333 -0.158 -0.111 -0.077 0.025 -0.132 -0.172 0.217 -0.024 -0.128 0.288 -0.273 0.214 0.022 0.133 -0.205 0.155 -0.110 0.224 -0.401 -0.061 -0.002 0.182 -0.114 -0.169 -0.136 -0.158 -0.183 0.184 0.261 
-0.057 -0.036 0.058 0.012 -0.000 -0.217 -0.347 0.244 0.003 -0.066 0.208 -0.119 -0.058 0.165 -0.023 -0.258 0.075 0.263 -0.134 -0.119 -0.011 -0.079 -0.298 0.223 0.076 0.245 0.114 -0.009 -0.529 -0.057 
-0.145 0.074 -0.066 -0.165 -0.300 -0.072 -0.111 0.377 -0.077 -0.004 0.113 -0.172 -0.150 0.260 -0.223 -0.160 -0.296 0.274 -0.237 0.264 -0.049 -0.004 0.279 -0.108 -0.023 -0.184 -0.310 0.052 0.150 -0.070 
0.267 -0.083 0.109 0.064 -0.362 0.070 0.106 0.130 -0.081 -0.104 -0.105 -0.159 -0.214 -0.012 -0.302 -0.214 -0.452 -0.162 0.205 0.046 -0.032 -0.207 -0.215 0.016 0.120 0.043 0.287 -0.320 0.007 0.126 
-0.209 -0.238 0.229 0.135 0.045 -0.054 -0.227 -0.091 -0.240 0.066 -0.286 -0.254 0.056 -0.099 -0.078 -0.243 -0.074 0.051 0.446 -0.045 -0.103 0.018 0.088 0.205 0.081 0.079 -0.250 0.314 0.077 -0.122 
0.049 -0.029 0.055 -0.234 0.109 -0.071 -0.287 -0.206 -0.435 0.132 -0.319 0.037 -0.146 -0.021 0.104 0.012 -0.178 0.222 -0.109 -0.025 -0.223 0.035 0.205 -0.315 -0.150 0.014 0.222 -0.335 -0.148 0.078 
0.565 0.137 0.135 -0.127 -0.077 -0.027 -0.088 -0.088 -0.264 -0.018 -0.014 0.035 -0.326 0.045 0.096 0.148 -0.190 -0.034 -0.148 -0.040 -0.170 0.134 -0.153 0.300 0.104 -0.182 -0.182 0.320 0.064 -0.019 
sigma: 
1.476 1.408 1.959 2.244 2.707 3.146 3.632 4.068 5.296 5.085 3.992 3.291 1.588 4.584 5.673 4.008 3.875 2.797 2.669 2.101 1.952 1.526 1.037 0.950 0.860 0.615 0.400 0.243 0.070 0.158 
V: 
-0.093 0.091 -0.302 0.054 -0.080 -0.083 -0.409 -0.320 -0.232 0.031 0.159 0.048 -0.023 0.015 -0.076 -0.108 0.263 -0.316 -0.104 0.027 -0.022 -0.280 -0.125 -0.117 -0.178 0.018 0.377 0.016 0.128 0.162 
0.044 -0.145 0.029 -0.050 0.146 0.127 0.096 -0.055 -0.237 -0.060 0.355 -0.042 0.026 -0.321 -0.473 -0.062 0.161 0.054 -0.069 0.241 -0.214 -0.200 -0.050 -0.086 0.154 0.093 -0.247 -0.140 -0.189 -0.265 
0.076 0.094 0.071 0.250 0.034 -0.067 -0.081 0.493 0.178 -0.013 -0.250 0.118 0.016 -0.481 -0.071 -0.146 0.149 -0.176 -0.056 0.008 0.156 -0.166 -0.031 -0.252 0.216 -0.210 0.059 -0.050 0.084 0.140 
-0.185 0.002 0.086 -0.299 -0.065 -0.331 0.075 0.092 -0.056 0.170 0.179 -0.076 0.191 -0.529 0.189 0.338 -0.044 0.003 -0.187 -0.098 -0.173 0.003 -0.007 0.251 -0.211 -0.014 0.085 -0.007 0.049 0.109 
0.097 -0.050 -0.163 -0.103 0.085 0.031 0.417 -0.274 0.038 -0.110 0.003 -0.167 -0.006 -0.056 0.549 -0.017 0.340 -0.111 -0.008 0.206 -0.075 -0.095 0.150 -0.202 0.216 -0.191 -0.040 -0.075 0.026 0.088 
-0.290 0.370 0.330 0.089 0.046 -0.237 0.071 -0.120 -0.024 -0.114 0.031 0.152 0.034 0.037 0.088 -0.359 0.162 0.326 0.086 0.175 -0.036 -0.062 -0.238 0.132 -0.130 -0.324 0.024 0.088 -0.052 -0.160 
0.206 -0.042 0.174 -0.040 -0.058 -0.182 -0.181 -0.212 0.156 -0.624 0.035 0.145 -0.138 -0.090 -0.073 0.093 -0.078 -0.073 0.001 0.139 -0.125 0.163 -0.131 0.096 0.034 0.046 -0.205 -0.059 0.062 0.425 
-0.017 -0.021 0.098 -0.030 -0.000 0.071 0.157 0.167 0.507 -0.074 0.424 0.259 0.108 0.150 -0.138 0.057 0.262 -0.102 0.124 0.056 -0.107 0.109 0.232 0.034 -0.052 0.077 0.424 -0.021 -0.007 -0.043 
-0.022 0.060 0.078 -0.122 0.009 0.124 -0.008 -0.382 0.451 0.276 -0.225 -0.062 -0.080 -0.016 -0.335 0.189 0.108 0.142 0.004 -0.239 -0.148 -0.271 0.033 -0.066 -0.066 -0.289 -0.153 -0.018 0.037 0.147 
-0.025 -0.072 0.256 0.026 0.117 0.157 -0.332 -0.074 0.373 0.099 0.173 -0.325 -0.104 -0.155 0.319 -0.356 -0.282 -0.032 -0.097 0.064 -0.183 -0.092 -0.024 -0.129 -0.040 0.240 0.027 0.053 -0.016 -0.097 
0.199 0.130 0.062 0.548 -0.195 -0.121 -0.165 -0.145 0.046 0.216 0.063 -0.316 0.235 0.033 -0.037 0.184 0.062 0.029 -0.061 0.275 -0.018 0.170 0.152 0.265 0.169 -0.100 0.006 -0.219 0.005 -0.028 
0.375 -0.260 0.244 -0.120 -0.138 -0.077 0.075 -0.028 -0.020 0.216 0.064 -0.160 -0.146 -0.048 -0.068 0.066 0.222 0.216 0.084 0.225 0.345 0.080 -0.310 -0.141 -0.109 0.071 0.158 0.328 0.174 0.046 
0.184 0.405 -0.107 0.041 0.121 0.104 0.243 0.119 -0.050 0.222 -0.041 -0.040 -0.200 -0.035 -0.049 -0.221 0.166 0.084 0.001 -0.033 -0.261 0.212 -0.128 0.058 -0.221 0.357 -0.066 -0.272 0.211 0.274 
0.008 -0.101 0.120 0.029 -0.019 0.359 0.003 0.143 -0.104 0.270 0.125 0.198 -0.054 0.127 0.081 -0.089 0.054 -0.224 -0.230 0.142 -0.131 -0.025 -0.082 0.350 0.080 -0.225 -0.162 0.337 -0.208 0.373 
0.062 0.008 0.262 -0.197 -0.044 0.067 -0.242 0.069 -0.123 0.248 0.217 0.279 0.133 0.157 0.232 0.124 -0.024 -0.006 0.343 -0.004 0.056 -0.160 -0.145 -0.136 0.152 -0.051 -0.176 -0.479 0.172 0.059 
0.146 0.203 -0.116 0.129 0.161 -0.206 0.047 0.072 0.080 -0.016 0.080 0.062 0.079 0.078 0.080 0.137 -0.050 0.166 0.163 0.059 0.076 -0.612 0.122 0.184 0.105 0.383 -0.133 0.311 -0.001 0.125 
0.082 -0.075 0.044 0.211 0.625 0.053 0.114 0.094 -0.084 -0.098 0.141 -0.202 -0.066 0.101 -0.041 0.224 -0.255 -0.088 0.065 0.053 0.053 -0.107 -0.125 -0.006 -0.320 -0.334 0.165 -0.125 0.069 0.102 
-0.020 0.259 0.222 -0.073 0.117 0.198 0.128 -0.208 -0.139 -0.098 0.246 -0.135 0.224 -0.069 -0.134 -0.140 -0.103 -0.041 -0.129 -0.350 0.295 0.088 0.091 0.058 0.372 0.001 0.090 0.138 0.357 0.126 
0.150 -0.094 0.082 0.354 -0.315 0.035 0.158 -0.114 -0.120 -0.022 0.306 0.173 -0.264 -0.186 0.115 -0.113 -0.079 0.120 0.017 -0.337 0.170 -0.114 0.302 -0.092 -0.320 -0.086 -0.091 -0.089 -0.152 0.071 
-0.108 0.051 -0.385 0.219 -0.015 0.257 -0.058 -0.096 0.043 0.050 0.164 0.222 -0.009 -0.291 0.086 0.179 -0.205 0.268 0.303 0.080 -0.199 0.226 -0.180 -0.139 0.143 -0.117 0.031 0.280 0.197 -0.010 
0.098 0.229 -0.205 -0.320 0.005 0.333 -0.205 0.011 0.061 -0.104 -0.014 -0.098 -0.170 -0.229 0.035 -0.015 0.011 0.192 0.126 0.165 0.387 -0.032 0.093 0.349 -0.012 -0.092 0.188 -0.205 -0.291 0.026 
0.170 -0.157 0.018 0.054 -0.104 0.421 -0.076 0.072 -0.020 -0.280 -0.191 0.045 0.449 -0.032 0.111 -0.018 0.171 0.163 -0.142 -0.018 -0.092 -0.175 -0.011 0.152 -0.355 0.008 -0.062 -0.003 0.344 -0.156 
-0.273 0.146 0.252 0.147 -0.210 0.279 0.036 0.141 -0.134 -0.212 -0.038 -0.220 -0.131 0.107 0.073 0.393 0.121 0.199 -0.120 -0.081 -0.126 -0.133 -0.191 -0.225 0.134 0.176 0.232 -0.046 -0.226 0.154 
-0.076 0.213 0.096 -0.055 -0.030 0.046 -0.226 0.198 -0.098 -0.109 0.106 -0.312 -0.226 -0.008 0.005 0.141 0.306 -0.262 0.363 -0.081 -0.074 0.098 0.244 0.011 -0.148 -0.112 -0.320 0.279 0.158 -0.165 
0.321 -0.074 -0.211 -0.088 0.050 -0.175 -0.194 0.198 -0.006 -0.073 0.191 -0.230 0.227 0.131 0.034 -0.186 0.154 0.285 0.056 -0.429 -0.229 0.068 -0.141 -0.051 0.119 -0.212 0.035 0.055 -0.276 0.137 
-0.288 -0.238 -0.138 -0.070 -0.042 -0.103 -0.108 0.233 -0.022 -0.017 0.134 -0.104 -0.265 0.167 -0.076 -0.114 0.003 0.412 -0.227 0.184 -0.012 -0.076 0.309 0.024 0.107 -0.134 -0.035 -0.109 0.416 0.195 
0.131 0.279 -0.057 -0.219 -0.429 0.023 0.196 0.131 -0.023 -0.039 0.061 -0.187 0.213 0.100 -0.169 -0.117 -0.426 -0.112 0.077 0.292 -0.125 -0.144 0.067 -0.263 -0.151 -0.192 0.030 0.066 -0.003 0.125 
-0.055 -0.302 0.042 0.069 -0.217 -0.002 0.206 -0.000 -0.056 -0.046 -0.136 -0.180 -0.160 -0.076 -0.068 -0.195 -0.077 -0.147 0.450 -0.138 -0.218 -0.219 -0.157 0.418 0.196 -0.016 0.254 -0.102 0.147 -0.014 
-0.120 -0.163 0.220 0.001 0.199 0.035 -0.102 -0.114 -0.251 0.076 -0.251 0.012 0.268 -0.121 -0.073 -0.122 0.045 0.143 0.347 0.127 -0.099 0.125 0.430 -0.144 -0.088 0.122 0.151 0.078 -0.169 0.371 
0.438 0.161 0.197 -0.122 0.076 -0.031 -0.111 -0.023 -0.227 0.020 -0.154 0.230 -0.286 0.000 0.052 0.109 -0.108 0.079 -0.166 -0.009 -0.364 -0.050 0.264 0.009 0.163 -0.121 0.322 0.091 0.094 -0.268 
