NT: 16
Number of threads: 1
-------------------------------- Test 1 (Squared matrix SVD) sequential --------------------------------
Dimensions, height: 10, width: 10
A: 
8.093 2.187 0.000 0.000 0.000 0.000 0.000 0.000 0.000 0.000 
0.000 2.677 7.452 0.000 0.000 0.000 0.000 0.000 0.000 0.000 
0.000 0.000 9.063 4.349 0.000 0.000 0.000 0.000 0.000 0.000 
0.000 0.000 0.000 1.995 2.740 0.000 0.000 0.000 0.000 0.000 
0.000 0.000 0.000 0.000 2.676 3.138 0.000 0.000 0.000 0.000 
0.000 0.000 0.000 0.000 0.000 7.411 5.453 0.000 0.000 0.000 
0.000 0.000 0.000 0.000 0.000 0.000 7.998 9.661 0.000 0.000 
0.000 0.000 0.000 0.000 0.000 0.000 0.000 6.350 1.357 0.000 
0.000 0.000 0.000 0.000 0.000 0.000 0.000 0.000 5.623 3.035 
0.000 0.000 0.000 0.000 0.000 0.000 0.000 0.000 0.000 5.374 
SVD sequential time with U,V calculation: 0.230
U: 
0.000 0.000 0.000 0.000 0.000 0.000 0.000 0.000 0.000 0.000 
0.000 0.000 0.000 0.000 0.000 0.000 0.000 0.000 0.000 0.000 
0.000 0.000 0.000 0.000 0.000 0.000 0.000 0.000 0.000 0.000 
0.000 0.000 0.000 0.000 0.000 0.000 0.000 0.000 0.000 0.000 
0.000 0.000 0.000 0.000 0.000 0.000 0.000 0.000 0.000 0.000 
0.000 0.000 0.000 0.000 0.000 0.000 0.000 0.000 0.000 0.000 
0.000 0.000 0.000 0.000 0.000 0.000 0.000 0.000 0.000 0.000 
0.000 0.000 0.000 0.000 0.000 0.000 0.000 0.000 0.000 0.000 
0.000 0.000 0.000 0.000 0.000 0.000 0.000 0.000 0.000 0.000 
0.000 0.000 0.000 0.000 0.000 0.000 0.000 0.000 0.000 0.000 
sigma: 
0.000 0.000 130874469623464933412256487490845352121884710228857640178909312364397952729806156110489010131048373526986752.000 8660511690763956476144415032024283730258969185852899660490952154613799891180026653861777151866428800711453663781483251236864.000 0.000 33805573466485675696691383443584670173162770720099188216527253207089883099287522750665446239024103663946178378910723473408.000 2639597317386693234192329042968312677859528496767198125096937629375437292925801173804886244344939352360645246615286711547068416.000 8574318180962865699758176545400910336316786835083510355045860910889125945262434369922023548314505903875033137152.000 28481993825398561123763209164097005341164973090105561947412235156815873727275723595651088215549122501649891328.000 2696350227057408796568120670994989690715754793251672628924464963635896309229946409601446059444750454399649802354688.000 
V: 
1.000 0.000 0.000 0.000 0.000 0.000 0.000 0.000 0.000 0.000 
0.000 1.000 0.000 0.000 0.000 0.000 0.000 0.000 0.000 0.000 
0.000 0.000 1.000 0.000 0.000 0.000 0.000 0.000 0.000 0.000 
0.000 0.000 0.000 1.000 0.000 0.000 0.000 0.000 0.000 0.000 
0.000 0.000 0.000 0.000 1.000 0.000 0.000 0.000 0.000 0.000 
0.000 0.000 0.000 0.000 0.000 1.000 0.000 0.000 0.000 0.000 
0.000 0.000 0.000 0.000 0.000 0.000 1.000 0.000 0.000 0.000 
0.000 0.000 0.000 0.000 0.000 0.000 0.000 1.000 0.000 0.000 
0.000 0.000 0.000 0.000 0.000 0.000 0.000 0.000 1.000 0.000 
0.000 0.000 0.000 0.000 0.000 0.000 0.000 0.000 0.000 1.000 
