NT: 16
Number of threads: 1
-------------------------------- Test 1 (Squared matrix SVD) sequential --------------------------------
Dimensions, height: 10, width: 10
A: 
1.788 1.712 0.000 0.000 0.000 0.000 0.000 0.000 0.000 0.000 
0.000 1.132 1.495 0.000 0.000 0.000 0.000 0.000 0.000 0.000 
0.000 0.000 1.186 1.778 0.000 0.000 0.000 0.000 0.000 0.000 
0.000 0.000 0.000 1.717 1.962 0.000 0.000 0.000 0.000 0.000 
0.000 0.000 0.000 0.000 1.896 1.594 0.000 0.000 0.000 0.000 
0.000 0.000 0.000 0.000 0.000 1.372 1.040 0.000 0.000 0.000 
0.000 0.000 0.000 0.000 0.000 0.000 1.111 1.514 0.000 0.000 
0.000 0.000 0.000 0.000 0.000 0.000 0.000 1.193 1.226 0.000 
0.000 0.000 0.000 0.000 0.000 0.000 0.000 0.000 1.186 1.486 
0.000 0.000 0.000 0.000 0.000 0.000 0.000 0.000 0.000 1.238 
SVD sequential time with U,V calculation: 0.004
U: 
-0.388 0.272 0.149 -0.751 0.033 0.142 -0.080 0.092 0.231 -0.324 
-0.013 -0.054 -0.130 -0.508 0.087 -0.364 0.245 -0.278 -0.504 0.483 
0.404 -0.365 -0.231 -0.305 0.346 0.330 -0.375 0.406 0.206 0.278 
0.223 -0.109 0.085 0.008 0.714 -0.158 0.399 -0.409 0.113 -0.402 
-0.368 0.330 0.136 0.251 0.580 -0.030 -0.405 0.383 -0.318 0.156 
-0.390 0.126 -0.250 0.136 0.156 0.339 0.431 -0.329 0.423 0.476 
-0.395 -0.321 -0.577 0.051 0.024 -0.474 -0.294 0.037 0.212 -0.184 
-0.335 -0.476 -0.133 0.024 0.005 0.407 0.292 0.145 -0.462 -0.275 
-0.263 -0.522 0.578 0.011 0.001 0.092 -0.232 -0.313 0.062 0.169 
-0.104 -0.228 0.365 0.003 0.000 -0.445 0.243 0.455 0.307 0.183 
sigma: 
2.489 2.397 2.108 2.728 3.362 1.073 0.148 0.522 1.379 1.799 
V: 
-0.279 0.203 0.127 -0.492 0.017 0.236 -0.562 0.240 0.300 -0.322 
-0.273 0.168 0.052 -0.682 0.046 -0.158 0.580 -0.223 -0.127 -0.004 
0.185 -0.214 -0.222 -0.411 0.161 -0.142 -0.415 0.072 -0.369 0.585 
0.443 -0.349 -0.126 -0.193 0.548 0.294 0.246 0.072 0.407 -0.109 
-0.104 0.172 0.201 0.181 0.744 -0.344 -0.185 -0.171 -0.276 -0.273 
-0.450 0.292 -0.060 0.215 0.339 0.388 0.183 0.329 0.054 0.502 
-0.339 -0.094 -0.428 0.073 0.056 -0.163 -0.180 -0.600 0.490 0.162 
-0.401 -0.440 -0.490 0.039 0.013 -0.217 0.103 0.453 -0.166 -0.337 
-0.290 -0.501 0.248 0.015 0.002 0.567 -0.065 -0.379 -0.357 -0.076 
-0.208 -0.441 0.622 0.007 0.001 -0.386 0.029 0.192 0.343 0.266 
-------------------------------- Test 1 (Squared matrix SVD) sequential --------------------------------
Dimensions, height: 20, width: 20
A: 
1.788 1.286 0.000 0.000 0.000 0.000 0.000 0.000 0.000 0.000 0.000 0.000 0.000 0.000 0.000 0.000 0.000 0.000 0.000 0.000 
0.000 1.132 1.835 0.000 0.000 0.000 0.000 0.000 0.000 0.000 0.000 0.000 0.000 0.000 0.000 0.000 0.000 0.000 0.000 0.000 
0.000 0.000 1.186 1.883 0.000 0.000 0.000 0.000 0.000 0.000 0.000 0.000 0.000 0.000 0.000 0.000 0.000 0.000 0.000 0.000 
0.000 0.000 0.000 1.717 1.129 0.000 0.000 0.000 0.000 0.000 0.000 0.000 0.000 0.000 0.000 0.000 0.000 0.000 0.000 0.000 
0.000 0.000 0.000 0.000 1.896 1.406 0.000 0.000 0.000 0.000 0.000 0.000 0.000 0.000 0.000 0.000 0.000 0.000 0.000 0.000 
0.000 0.000 0.000 0.000 0.000 1.372 1.765 0.000 0.000 0.000 0.000 0.000 0.000 0.000 0.000 0.000 0.000 0.000 0.000 0.000 
0.000 0.000 0.000 0.000 0.000 0.000 1.111 1.840 0.000 0.000 0.000 0.000 0.000 0.000 0.000 0.000 0.000 0.000 0.000 0.000 
0.000 0.000 0.000 0.000 0.000 0.000 0.000 1.193 1.200 0.000 0.000 0.000 0.000 0.000 0.000 0.000 0.000 0.000 0.000 0.000 
0.000 0.000 0.000 0.000 0.000 0.000 0.000 0.000 1.186 1.287 0.000 0.000 0.000 0.000 0.000 0.000 0.000 0.000 0.000 0.000 
0.000 0.000 0.000 0.000 0.000 0.000 0.000 0.000 0.000 1.238 1.328 0.000 0.000 0.000 0.000 0.000 0.000 0.000 0.000 0.000 
0.000 0.000 0.000 0.000 0.000 0.000 0.000 0.000 0.000 0.000 1.712 1.895 0.000 0.000 0.000 0.000 0.000 0.000 0.000 0.000 
0.000 0.000 0.000 0.000 0.000 0.000 0.000 0.000 0.000 0.000 0.000 1.495 1.941 0.000 0.000 0.000 0.000 0.000 0.000 0.000 
0.000 0.000 0.000 0.000 0.000 0.000 0.000 0.000 0.000 0.000 0.000 0.000 1.778 1.685 0.000 0.000 0.000 0.000 0.000 0.000 
0.000 0.000 0.000 0.000 0.000 0.000 0.000 0.000 0.000 0.000 0.000 0.000 0.000 1.962 1.895 0.000 0.000 0.000 0.000 0.000 
0.000 0.000 0.000 0.000 0.000 0.000 0.000 0.000 0.000 0.000 0.000 0.000 0.000 0.000 1.594 1.075 0.000 0.000 0.000 0.000 
0.000 0.000 0.000 0.000 0.000 0.000 0.000 0.000 0.000 0.000 0.000 0.000 0.000 0.000 0.000 1.040 1.148 0.000 0.000 0.000 
0.000 0.000 0.000 0.000 0.000 0.000 0.000 0.000 0.000 0.000 0.000 0.000 0.000 0.000 0.000 0.000 1.514 1.442 0.000 0.000 
0.000 0.000 0.000 0.000 0.000 0.000 0.000 0.000 0.000 0.000 0.000 0.000 0.000 0.000 0.000 0.000 0.000 1.226 1.825 0.000 
0.000 0.000 0.000 0.000 0.000 0.000 0.000 0.000 0.000 0.000 0.000 0.000 0.000 0.000 0.000 0.000 0.000 0.000 1.486 1.984 
0.000 0.000 0.000 0.000 0.000 0.000 0.000 0.000 0.000 0.000 0.000 0.000 0.000 0.000 0.000 0.000 0.000 0.000 0.000 1.671 
SVD sequential time with U,V calculation: 0.046
U: 
-0.221 -0.151 0.247 -0.472 0.451 0.498 0.110 0.150 -0.311 0.005 -0.028 0.000 -0.109 -0.074 -0.136 0.021 0.046 -0.084 -0.035 0.011 
0.286 -0.201 0.370 -0.180 -0.125 0.146 -0.434 0.315 0.399 -0.013 0.063 0.007 -0.168 -0.137 -0.299 -0.057 -0.142 0.266 0.114 -0.037 
0.090 -0.033 0.171 0.230 -0.110 -0.190 -0.216 0.371 -0.139 0.011 -0.069 0.009 -0.446 -0.335 0.080 0.080 0.245 -0.485 -0.214 0.072 
-0.225 0.144 -0.188 0.152 0.094 -0.076 -0.260 0.127 -0.226 -0.007 0.030 0.009 -0.426 -0.323 0.246 -0.060 -0.248 0.531 0.245 -0.085 
-0.118 0.165 -0.478 -0.243 0.038 0.177 -0.529 -0.342 0.280 -0.014 0.068 0.010 -0.286 -0.235 -0.051 -0.031 0.072 -0.260 -0.149 0.059 
0.322 -0.170 0.019 -0.138 -0.114 -0.107 0.138 -0.555 -0.194 0.031 -0.173 0.001 -0.264 -0.198 -0.304 0.140 0.082 0.133 0.152 -0.076 
-0.089 -0.162 0.500 0.193 0.178 -0.097 -0.212 -0.487 -0.104 -0.044 0.232 0.001 -0.068 -0.063 0.081 -0.255 -0.262 -0.069 -0.232 0.136 
-0.218 0.094 0.380 0.206 0.036 0.192 -0.177 -0.234 0.240 0.028 -0.169 -0.002 0.005 -0.025 0.226 0.295 0.430 0.019 0.343 -0.219 
0.064 0.275 0.162 0.089 -0.369 0.456 0.219 -0.077 0.153 0.025 -0.218 -0.016 -0.020 -0.092 0.210 0.007 -0.336 0.071 -0.309 0.229 
0.314 0.047 0.023 -0.098 -0.381 0.295 0.058 -0.025 -0.253 -0.137 0.291 -0.056 0.133 -0.191 0.312 -0.273 0.175 -0.143 0.269 -0.244 
0.144 -0.299 -0.039 -0.246 -0.064 -0.110 -0.159 0.003 -0.102 -0.252 -0.302 -0.138 0.417 -0.452 0.381 0.270 0.013 0.145 -0.162 0.193 
-0.277 0.085 0.012 0.093 0.137 -0.123 0.215 0.021 0.257 -0.449 -0.409 -0.099 0.235 -0.384 -0.279 -0.308 -0.169 -0.206 0.151 -0.249 
0.000 0.280 0.010 0.233 0.087 0.112 -0.059 0.009 -0.193 -0.613 -0.216 0.019 -0.021 0.061 -0.359 0.225 0.263 0.227 -0.126 0.274 
0.201 -0.152 -0.027 -0.081 -0.029 0.054 -0.158 -0.017 -0.075 -0.526 -0.575 0.123 -0.296 0.440 0.262 -0.018 -0.268 -0.182 0.067 -0.238 
-0.186 -0.235 0.020 -0.242 -0.183 -0.136 0.292 -0.013 0.385 -0.230 -0.022 0.056 -0.245 0.175 0.284 -0.207 0.336 0.186 -0.025 0.285 
-0.342 0.134 0.125 -0.281 -0.333 -0.227 0.064 -0.003 -0.006 -0.069 0.217 -0.034 -0.053 0.038 0.006 0.549 -0.263 -0.087 -0.100 -0.299 
-0.106 0.502 0.223 -0.409 -0.184 -0.359 -0.198 -0.002 -0.239 0.029 -0.196 -0.176 0.002 0.080 0.002 -0.309 0.085 -0.010 0.149 0.229 
0.394 0.331 0.081 -0.137 0.387 -0.157 0.113 -0.000 0.221 -0.014 0.068 -0.491 -0.105 0.067 0.132 0.049 0.069 0.110 -0.261 -0.272 
-0.084 -0.223 -0.084 0.154 -0.056 0.142 -0.017 0.000 0.007 -0.008 0.040 -0.739 -0.117 0.128 -0.045 0.133 -0.168 -0.180 0.359 0.335 
-0.269 -0.252 -0.070 0.125 -0.263 0.133 -0.132 0.000 -0.169 0.021 -0.114 -0.360 -0.031 0.084 -0.104 -0.246 0.234 0.232 -0.442 -0.398 
sigma: 
1.964 2.331 2.530 2.410 2.014 2.254 1.877 2.812 1.702 3.281 1.671 3.091 2.949 3.012 2.389 1.000 0.641 0.469 0.310 0.055 
V: 
-0.235 -0.088 0.155 -0.379 0.388 0.389 0.195 0.095 -0.322 0.019 -0.053 -0.002 -0.113 -0.073 -0.034 0.038 0.129 -0.319 -0.200 0.367 
-0.011 -0.150 0.271 -0.358 0.167 0.332 -0.110 0.195 0.036 -0.014 0.037 0.003 -0.092 -0.073 -0.204 -0.036 -0.157 0.413 0.270 -0.509 
0.313 -0.163 0.343 -0.016 -0.241 -0.025 -0.377 0.362 0.348 -0.014 0.035 0.010 -0.213 -0.180 -0.263 -0.008 0.047 -0.187 -0.147 0.313 
-0.103 0.061 0.014 0.304 0.034 -0.211 0.022 0.326 -0.345 0.028 -0.083 0.008 -0.564 -0.422 0.267 0.048 0.054 -0.003 0.058 -0.195 
-0.235 0.205 -0.443 -0.137 0.115 0.169 -0.467 -0.180 0.184 -0.063 0.170 0.013 -0.256 -0.220 0.115 -0.126 -0.223 0.225 -0.020 0.293 
0.152 -0.003 -0.262 -0.233 -0.101 0.056 -0.078 -0.442 0.090 0.053 -0.148 0.005 -0.255 -0.206 -0.243 0.149 0.333 -0.390 -0.006 -0.393 
0.240 -0.221 0.231 -0.008 -0.051 -0.181 0.207 -0.541 -0.257 0.016 -0.048 -0.001 -0.242 -0.177 -0.222 -0.036 -0.229 0.339 0.031 0.303 
-0.240 -0.071 0.549 0.258 0.225 -0.009 -0.341 -0.418 0.059 -0.089 0.240 0.003 0.037 0.003 0.239 -0.117 0.047 -0.222 -0.058 -0.179 
-0.117 0.253 0.256 0.157 -0.164 0.371 0.062 -0.132 0.281 0.166 -0.473 -0.008 -0.024 -0.065 0.212 0.362 0.183 0.228 0.146 0.168 
0.206 0.264 0.083 0.021 -0.426 0.458 0.263 -0.046 -0.057 -0.089 0.153 -0.032 -0.024 -0.155 0.194 -0.329 -0.336 -0.185 -0.210 -0.145 
0.273 -0.163 -0.032 -0.198 -0.180 0.074 -0.163 -0.010 -0.271 -0.256 0.223 -0.101 0.318 -0.289 0.380 0.101 0.398 0.122 0.258 0.125 
-0.097 -0.220 -0.023 -0.134 0.095 -0.199 -0.010 0.013 0.153 -0.206 -0.468 -0.135 0.361 -0.458 0.137 0.051 -0.355 -0.074 -0.260 -0.107 
-0.205 0.272 0.034 0.219 0.070 0.010 0.216 0.021 0.107 -0.600 0.008 -0.054 0.080 -0.243 -0.448 -0.198 0.217 0.007 0.224 0.076 
0.216 0.100 -0.020 0.102 0.031 0.139 -0.293 -0.006 -0.308 -0.560 -0.222 0.093 -0.121 0.366 -0.036 0.343 -0.129 0.056 -0.260 -0.071 
-0.016 -0.291 -0.015 -0.210 -0.063 -0.079 0.147 -0.019 0.251 -0.330 -0.277 0.104 -0.336 0.320 0.368 -0.365 0.043 -0.103 0.280 0.067 
-0.316 -0.079 0.071 -0.231 -0.250 -0.167 0.292 -0.006 0.237 -0.213 0.375 0.005 -0.173 0.016 0.086 0.348 0.137 0.233 -0.422 -0.084 
-0.298 0.343 0.211 -0.381 -0.358 -0.295 -0.160 -0.002 -0.223 -0.003 -0.024 -0.097 0.020 0.086 -0.066 0.163 -0.271 -0.247 0.355 0.062 
0.168 0.452 0.170 -0.283 0.119 -0.252 -0.090 -0.001 -0.048 0.070 -0.202 -0.276 -0.017 0.077 0.072 -0.386 0.322 0.256 -0.341 -0.056 
0.311 0.120 -0.002 0.009 0.347 -0.025 0.177 0.000 0.238 -0.073 0.198 -0.646 -0.159 0.058 0.125 0.286 -0.192 -0.144 0.185 0.030 
-0.316 -0.352 -0.106 0.180 -0.317 0.180 -0.148 0.001 -0.172 0.041 -0.114 -0.667 -0.055 0.151 -0.148 -0.147 0.090 0.065 -0.082 -0.013 
-------------------------------- Test 1 (Squared matrix SVD) sequential --------------------------------
Dimensions, height: 30, width: 30
A: 
1.788 1.895 0.000 0.000 0.000 0.000 0.000 0.000 0.000 0.000 0.000 0.000 0.000 0.000 0.000 0.000 0.000 0.000 0.000 0.000 0.000 0.000 0.000 0.000 0.000 0.000 0.000 0.000 0.000 0.000 
0.000 1.132 1.941 0.000 0.000 0.000 0.000 0.000 0.000 0.000 0.000 0.000 0.000 0.000 0.000 0.000 0.000 0.000 0.000 0.000 0.000 0.000 0.000 0.000 0.000 0.000 0.000 0.000 0.000 0.000 
0.000 0.000 1.186 1.685 0.000 0.000 0.000 0.000 0.000 0.000 0.000 0.000 0.000 0.000 0.000 0.000 0.000 0.000 0.000 0.000 0.000 0.000 0.000 0.000 0.000 0.000 0.000 0.000 0.000 0.000 
0.000 0.000 0.000 1.717 1.895 0.000 0.000 0.000 0.000 0.000 0.000 0.000 0.000 0.000 0.000 0.000 0.000 0.000 0.000 0.000 0.000 0.000 0.000 0.000 0.000 0.000 0.000 0.000 0.000 0.000 
0.000 0.000 0.000 0.000 1.896 1.075 0.000 0.000 0.000 0.000 0.000 0.000 0.000 0.000 0.000 0.000 0.000 0.000 0.000 0.000 0.000 0.000 0.000 0.000 0.000 0.000 0.000 0.000 0.000 0.000 
0.000 0.000 0.000 0.000 0.000 1.372 1.148 0.000 0.000 0.000 0.000 0.000 0.000 0.000 0.000 0.000 0.000 0.000 0.000 0.000 0.000 0.000 0.000 0.000 0.000 0.000 0.000 0.000 0.000 0.000 
0.000 0.000 0.000 0.000 0.000 0.000 1.111 1.442 0.000 0.000 0.000 0.000 0.000 0.000 0.000 0.000 0.000 0.000 0.000 0.000 0.000 0.000 0.000 0.000 0.000 0.000 0.000 0.000 0.000 0.000 
0.000 0.000 0.000 0.000 0.000 0.000 0.000 1.193 1.825 0.000 0.000 0.000 0.000 0.000 0.000 0.000 0.000 0.000 0.000 0.000 0.000 0.000 0.000 0.000 0.000 0.000 0.000 0.000 0.000 0.000 
0.000 0.000 0.000 0.000 0.000 0.000 0.000 0.000 1.186 1.984 0.000 0.000 0.000 0.000 0.000 0.000 0.000 0.000 0.000 0.000 0.000 0.000 0.000 0.000 0.000 0.000 0.000 0.000 0.000 0.000 
0.000 0.000 0.000 0.000 0.000 0.000 0.000 0.000 0.000 1.238 1.547 0.000 0.000 0.000 0.000 0.000 0.000 0.000 0.000 0.000 0.000 0.000 0.000 0.000 0.000 0.000 0.000 0.000 0.000 0.000 
0.000 0.000 0.000 0.000 0.000 0.000 0.000 0.000 0.000 0.000 1.712 1.376 0.000 0.000 0.000 0.000 0.000 0.000 0.000 0.000 0.000 0.000 0.000 0.000 0.000 0.000 0.000 0.000 0.000 0.000 
0.000 0.000 0.000 0.000 0.000 0.000 0.000 0.000 0.000 0.000 0.000 1.495 1.301 0.000 0.000 0.000 0.000 0.000 0.000 0.000 0.000 0.000 0.000 0.000 0.000 0.000 0.000 0.000 0.000 0.000 
0.000 0.000 0.000 0.000 0.000 0.000 0.000 0.000 0.000 0.000 0.000 0.000 1.778 1.418 0.000 0.000 0.000 0.000 0.000 0.000 0.000 0.000 0.000 0.000 0.000 0.000 0.000 0.000 0.000 0.000 
0.000 0.000 0.000 0.000 0.000 0.000 0.000 0.000 0.000 0.000 0.000 0.000 0.000 1.962 1.998 0.000 0.000 0.000 0.000 0.000 0.000 0.000 0.000 0.000 0.000 0.000 0.000 0.000 0.000 0.000 
0.000 0.000 0.000 0.000 0.000 0.000 0.000 0.000 0.000 0.000 0.000 0.000 0.000 0.000 1.594 1.214 0.000 0.000 0.000 0.000 0.000 0.000 0.000 0.000 0.000 0.000 0.000 0.000 0.000 0.000 
0.000 0.000 0.000 0.000 0.000 0.000 0.000 0.000 0.000 0.000 0.000 0.000 0.000 0.000 0.000 1.040 1.831 0.000 0.000 0.000 0.000 0.000 0.000 0.000 0.000 0.000 0.000 0.000 0.000 0.000 
0.000 0.000 0.000 0.000 0.000 0.000 0.000 0.000 0.000 0.000 0.000 0.000 0.000 0.000 0.000 0.000 1.514 1.702 0.000 0.000 0.000 0.000 0.000 0.000 0.000 0.000 0.000 0.000 0.000 0.000 
0.000 0.000 0.000 0.000 0.000 0.000 0.000 0.000 0.000 0.000 0.000 0.000 0.000 0.000 0.000 0.000 0.000 1.226 1.560 0.000 0.000 0.000 0.000 0.000 0.000 0.000 0.000 0.000 0.000 0.000 
0.000 0.000 0.000 0.000 0.000 0.000 0.000 0.000 0.000 0.000 0.000 0.000 0.000 0.000 0.000 0.000 0.000 0.000 1.486 1.639 0.000 0.000 0.000 0.000 0.000 0.000 0.000 0.000 0.000 0.000 
0.000 0.000 0.000 0.000 0.000 0.000 0.000 0.000 0.000 0.000 0.000 0.000 0.000 0.000 0.000 0.000 0.000 0.000 0.000 1.671 1.616 0.000 0.000 0.000 0.000 0.000 0.000 0.000 0.000 0.000 
0.000 0.000 0.000 0.000 0.000 0.000 0.000 0.000 0.000 0.000 0.000 0.000 0.000 0.000 0.000 0.000 0.000 0.000 0.000 0.000 1.286 1.368 0.000 0.000 0.000 0.000 0.000 0.000 0.000 0.000 
0.000 0.000 0.000 0.000 0.000 0.000 0.000 0.000 0.000 0.000 0.000 0.000 0.000 0.000 0.000 0.000 0.000 0.000 0.000 0.000 0.000 1.835 1.704 0.000 0.000 0.000 0.000 0.000 0.000 0.000 
0.000 0.000 0.000 0.000 0.000 0.000 0.000 0.000 0.000 0.000 0.000 0.000 0.000 0.000 0.000 0.000 0.000 0.000 0.000 0.000 0.000 0.000 1.883 1.811 0.000 0.000 0.000 0.000 0.000 0.000 
0.000 0.000 0.000 0.000 0.000 0.000 0.000 0.000 0.000 0.000 0.000 0.000 0.000 0.000 0.000 0.000 0.000 0.000 0.000 0.000 0.000 0.000 0.000 1.129 1.754 0.000 0.000 0.000 0.000 0.000 
0.000 0.000 0.000 0.000 0.000 0.000 0.000 0.000 0.000 0.000 0.000 0.000 0.000 0.000 0.000 0.000 0.000 0.000 0.000 0.000 0.000 0.000 0.000 0.000 1.406 1.119 0.000 0.000 0.000 0.000 
0.000 0.000 0.000 0.000 0.000 0.000 0.000 0.000 0.000 0.000 0.000 0.000 0.000 0.000 0.000 0.000 0.000 0.000 0.000 0.000 0.000 0.000 0.000 0.000 0.000 1.765 1.651 0.000 0.000 0.000 
0.000 0.000 0.000 0.000 0.000 0.000 0.000 0.000 0.000 0.000 0.000 0.000 0.000 0.000 0.000 0.000 0.000 0.000 0.000 0.000 0.000 0.000 0.000 0.000 0.000 0.000 1.840 1.481 0.000 0.000 
0.000 0.000 0.000 0.000 0.000 0.000 0.000 0.000 0.000 0.000 0.000 0.000 0.000 0.000 0.000 0.000 0.000 0.000 0.000 0.000 0.000 0.000 0.000 0.000 0.000 0.000 0.000 1.200 1.613 0.000 
0.000 0.000 0.000 0.000 0.000 0.000 0.000 0.000 0.000 0.000 0.000 0.000 0.000 0.000 0.000 0.000 0.000 0.000 0.000 0.000 0.000 0.000 0.000 0.000 0.000 0.000 0.000 0.000 1.287 1.515 
0.000 0.000 0.000 0.000 0.000 0.000 0.000 0.000 0.000 0.000 0.000 0.000 0.000 0.000 0.000 0.000 0.000 0.000 0.000 0.000 0.000 0.000 0.000 0.000 0.000 0.000 0.000 0.000 0.000 1.328 
SVD sequential time with U,V calculation: 0.165
U: 
0.014 0.090 -0.239 0.181 0.115 -0.043 0.302 -0.359 -0.138 0.187 0.194 0.011 -0.134 0.494 -0.016 -0.025 -0.150 0.250 0.311 0.020 0.187 -0.084 -0.048 -0.083 -0.017 -0.006 0.076 0.043 0.026 -0.006 
0.039 -0.150 0.348 -0.427 -0.036 -0.005 -0.339 -0.232 -0.190 0.089 0.181 0.089 0.091 0.350 0.022 0.025 -0.072 0.107 0.145 0.020 -0.375 0.183 0.059 0.208 0.049 0.017 -0.236 -0.135 -0.083 0.020 
-0.108 -0.185 0.088 -0.180 -0.134 -0.020 -0.527 -0.015 -0.324 -0.031 0.216 0.189 -0.024 0.019 0.003 -0.150 0.015 -0.037 0.070 -0.027 0.244 -0.155 0.097 -0.249 -0.075 -0.029 0.430 0.248 0.156 -0.038 
-0.057 0.172 -0.221 0.135 -0.090 -0.002 -0.104 0.151 -0.574 -0.064 0.364 -0.121 -0.205 -0.239 -0.057 -0.068 0.045 -0.075 0.008 -0.047 0.150 -0.031 -0.124 0.078 0.050 0.025 -0.421 -0.246 -0.161 0.040 
0.119 -0.044 0.117 0.073 0.047 0.020 0.319 0.115 -0.385 0.002 0.250 -0.390 0.019 -0.192 -0.031 0.069 0.019 -0.026 -0.027 0.018 -0.365 0.163 -0.002 0.090 -0.021 -0.021 0.401 0.240 0.166 -0.042 
0.094 -0.218 0.381 -0.036 0.116 -0.037 0.211 0.013 -0.083 0.059 0.055 -0.241 0.383 -0.085 0.099 -0.150 0.010 0.006 0.060 0.084 0.196 -0.215 0.322 -0.392 -0.067 -0.000 -0.225 -0.153 -0.138 0.038 
-0.024 0.408 0.004 -0.042 0.148 -0.177 -0.082 -0.007 -0.008 0.092 -0.022 -0.138 0.413 -0.119 0.283 -0.197 0.023 0.060 0.177 0.086 0.312 -0.006 -0.120 0.441 0.151 0.025 0.074 0.093 0.151 -0.047 
-0.151 -0.146 -0.226 0.154 0.108 -0.421 -0.274 -0.021 0.013 0.167 -0.087 -0.143 0.068 -0.215 0.249 0.134 0.029 0.184 0.254 0.070 -0.296 0.163 -0.186 -0.193 -0.173 -0.042 0.030 -0.059 -0.186 0.062 
0.060 0.066 0.134 -0.156 -0.094 -0.456 -0.043 -0.103 0.010 0.209 -0.053 -0.016 -0.286 -0.276 -0.251 0.333 0.035 0.299 -0.007 0.052 0.062 -0.194 0.259 -0.054 0.197 0.066 -0.124 0.052 0.284 -0.099 
0.056 -0.162 0.130 -0.118 -0.139 -0.139 0.155 -0.196 -0.005 0.159 0.059 0.238 -0.018 -0.245 -0.188 -0.099 0.058 0.289 -0.290 0.029 0.188 0.111 -0.098 0.256 -0.214 -0.097 0.235 -0.059 -0.451 0.161 
-0.224 -0.025 -0.041 0.143 -0.083 0.196 0.051 -0.232 -0.007 0.143 0.110 0.211 0.189 -0.171 0.153 -0.172 0.086 0.297 -0.431 0.084 -0.160 0.104 -0.198 -0.191 0.072 0.070 -0.220 0.036 0.399 -0.147 
-0.104 0.264 -0.033 0.220 -0.032 0.373 -0.224 -0.092 0.017 0.163 0.008 -0.196 -0.048 -0.012 0.171 0.133 0.144 0.185 -0.186 0.251 -0.060 -0.280 0.184 -0.014 0.135 -0.026 0.196 -0.007 -0.348 0.137 
0.309 -0.249 -0.031 0.093 -0.079 0.280 -0.186 0.059 0.051 0.258 -0.041 -0.239 -0.200 0.070 -0.085 -0.113 0.395 0.062 0.117 0.278 0.180 0.126 0.023 0.185 -0.247 -0.021 -0.125 -0.021 0.231 -0.102 
-0.041 0.161 -0.034 -0.120 -0.064 -0.109 0.148 0.224 0.063 0.267 0.114 0.099 0.013 0.236 -0.059 -0.128 0.700 -0.065 0.091 -0.169 -0.124 0.094 -0.037 -0.237 0.278 0.059 0.062 0.043 -0.136 0.075 
-0.237 -0.115 0.071 0.116 0.052 -0.194 0.068 0.118 0.020 0.079 0.134 0.066 0.114 0.219 0.124 0.301 0.309 -0.071 -0.174 -0.229 0.052 -0.279 0.023 0.316 -0.401 -0.119 -0.040 -0.087 0.133 -0.096 
0.218 -0.150 0.045 0.293 0.127 -0.296 -0.153 -0.048 0.005 0.036 0.083 -0.108 0.049 0.214 -0.003 0.154 0.005 -0.223 -0.423 0.176 0.251 0.183 -0.182 -0.049 0.326 0.198 -0.034 0.158 -0.075 0.116 
0.007 0.333 -0.059 0.065 0.018 -0.322 -0.047 -0.153 0.015 0.087 0.027 -0.117 -0.148 0.125 -0.021 -0.354 -0.029 -0.363 -0.326 0.372 -0.200 -0.026 0.101 -0.091 -0.247 -0.237 0.070 -0.207 0.059 -0.142 
-0.321 -0.254 0.062 -0.174 -0.150 -0.070 0.139 -0.227 0.028 0.124 -0.015 -0.110 -0.318 -0.066 0.290 -0.223 0.002 -0.318 -0.001 0.083 -0.073 -0.205 0.002 0.229 0.089 0.286 -0.124 0.292 -0.045 0.199 
0.054 0.032 0.139 -0.083 -0.145 0.106 0.072 -0.349 0.052 0.180 0.054 -0.024 -0.145 -0.194 0.321 0.262 0.028 -0.355 0.122 -0.208 0.226 0.185 -0.157 -0.166 0.101 -0.229 0.140 -0.294 0.023 -0.209 
0.295 0.241 -0.109 0.231 0.058 0.121 -0.072 -0.323 0.080 0.161 0.154 0.193 0.244 -0.238 -0.195 0.278 0.040 -0.333 0.186 -0.139 -0.137 -0.014 0.198 0.016 -0.227 0.138 -0.137 0.266 -0.003 0.206 
-0.196 -0.312 -0.144 -0.025 0.250 0.071 -0.039 -0.094 0.145 0.008 0.231 0.073 0.155 -0.136 -0.380 0.110 0.027 -0.134 0.135 0.171 -0.106 -0.222 -0.051 0.187 0.372 -0.033 0.161 -0.288 -0.023 -0.260 
-0.287 0.046 0.104 -0.246 0.263 0.027 -0.035 0.039 0.358 -0.174 0.499 -0.098 -0.167 -0.102 -0.097 0.060 0.004 0.047 0.100 0.227 0.158 0.136 -0.222 -0.170 -0.219 -0.073 -0.103 0.170 0.035 0.195 
0.317 0.038 0.072 0.181 -0.206 -0.101 -0.099 0.057 0.388 -0.198 0.492 -0.146 -0.178 -0.045 0.258 -0.253 -0.050 0.149 0.049 -0.132 -0.103 -0.003 0.249 0.110 0.084 0.160 0.071 -0.101 -0.049 -0.177 
0.027 -0.119 -0.261 -0.047 -0.481 -0.041 -0.092 0.007 0.163 0.055 0.136 -0.377 0.240 0.055 -0.173 -0.101 -0.108 0.030 -0.049 -0.224 -0.028 -0.208 -0.122 -0.023 0.096 -0.392 -0.069 0.064 0.109 0.284 
-0.332 0.108 0.008 0.057 -0.277 0.023 -0.080 0.080 0.077 0.214 0.030 -0.261 0.164 0.050 -0.294 -0.050 -0.151 -0.025 -0.025 -0.169 0.107 0.191 -0.086 -0.064 -0.208 0.503 0.059 -0.026 -0.150 -0.355 
-0.192 0.088 0.320 0.241 0.128 0.085 -0.083 0.327 0.063 0.508 0.065 0.100 -0.132 -0.010 -0.085 -0.168 -0.288 -0.051 -0.016 -0.166 -0.005 0.152 -0.007 0.087 0.139 -0.242 -0.005 -0.039 0.106 0.226 
0.318 -0.132 -0.250 -0.348 0.155 0.079 0.024 0.335 0.037 0.428 0.111 0.189 -0.063 -0.018 0.221 0.039 -0.243 -0.043 -0.109 0.010 -0.064 -0.311 -0.071 -0.084 -0.096 0.111 -0.028 0.090 -0.106 -0.203 
-0.006 -0.156 -0.334 -0.184 -0.253 -0.005 0.152 0.187 0.003 0.099 0.089 0.201 0.143 0.022 0.203 0.271 -0.092 -0.047 0.021 0.321 0.119 0.345 0.440 0.049 0.022 0.088 0.096 -0.211 0.148 0.251 
-0.029 0.101 0.186 0.209 -0.418 -0.038 0.146 0.142 -0.001 -0.004 0.048 0.244 0.132 0.027 0.075 0.231 -0.045 -0.046 0.169 0.408 -0.035 -0.054 -0.204 0.011 0.048 -0.251 -0.155 0.320 -0.195 -0.314 
0.062 0.149 0.230 0.149 -0.194 -0.018 0.052 0.057 0.000 -0.011 0.010 0.111 0.040 0.010 0.003 0.078 -0.014 -0.017 0.100 0.179 -0.098 -0.306 -0.425 -0.064 -0.098 0.359 0.193 -0.393 0.227 0.359 
sigma: 
1.930 1.202 1.929 1.946 2.518 2.758 2.376 2.977 3.251 3.039 3.169 2.472 2.255 2.930 2.248 2.096 3.230 2.970 2.651 2.549 1.576 1.455 1.571 1.195 0.883 0.595 0.393 0.349 0.188 0.024 
V: 
-0.018 0.014 -0.219 0.215 0.084 -0.039 0.261 -0.236 -0.085 0.132 0.130 0.015 -0.116 0.306 -0.015 -0.051 -0.113 0.177 0.213 0.006 0.212 -0.103 -0.011 -0.124 -0.035 -0.017 0.346 0.221 0.251 -0.476 
0.031 0.044 -0.037 -0.018 0.073 -0.025 0.133 -0.341 -0.156 0.176 0.202 -0.000 -0.050 0.475 -0.005 0.020 -0.149 0.226 0.235 0.021 -0.045 0.033 -0.029 0.065 0.025 0.014 -0.311 -0.201 -0.234 0.449 
0.020 -0.119 0.368 -0.418 -0.090 0.007 -0.492 -0.157 -0.227 0.036 0.178 0.114 0.135 0.251 0.028 0.015 -0.033 0.031 0.061 0.014 -0.278 0.118 0.065 0.090 0.008 -0.003 0.134 0.093 0.129 -0.262 
-0.138 -0.048 -0.158 0.086 -0.137 -0.038 -0.397 0.085 -0.465 -0.081 0.282 0.196 -0.127 -0.144 -0.015 -0.197 0.052 -0.087 0.068 -0.051 0.424 -0.216 0.045 -0.240 -0.044 -0.008 0.006 -0.014 -0.073 0.184 
0.067 0.153 -0.082 0.061 0.004 0.031 0.229 0.161 -0.564 -0.030 0.354 -0.336 -0.129 -0.239 -0.054 0.103 0.030 -0.038 -0.050 -0.017 -0.259 0.172 -0.144 0.266 0.064 0.015 -0.093 -0.032 0.050 -0.166 
0.096 -0.319 0.354 0.025 0.102 -0.003 0.300 0.035 -0.168 0.059 0.113 -0.305 0.268 -0.101 0.029 -0.048 0.005 -0.004 0.022 0.074 -0.078 -0.082 0.251 -0.369 -0.129 -0.038 0.310 0.135 -0.060 0.291 
0.043 0.152 0.218 -0.091 0.132 -0.087 0.078 -0.007 -0.033 0.084 0.016 -0.155 0.433 -0.097 0.160 -0.217 0.021 0.021 0.113 0.098 0.363 -0.174 0.141 0.033 0.103 0.045 -0.448 -0.208 0.049 -0.348 
-0.066 0.223 -0.162 0.013 0.157 -0.272 -0.195 -0.009 0.007 0.130 -0.061 -0.117 0.313 -0.167 0.318 -0.119 0.036 0.106 0.239 0.077 0.062 0.128 -0.239 0.340 0.013 -0.025 0.365 0.183 -0.018 0.267 
-0.117 -0.242 -0.133 0.155 0.047 -0.459 -0.229 -0.029 0.019 0.193 -0.110 -0.117 -0.120 -0.236 0.099 0.232 0.028 0.230 0.213 0.047 -0.296 0.047 -0.003 -0.348 -0.092 0.002 -0.232 -0.131 -0.007 -0.174 
0.128 0.185 0.210 -0.246 -0.147 -0.359 0.086 -0.137 0.005 0.205 -0.019 0.050 -0.253 -0.267 -0.344 0.213 0.040 0.309 -0.137 0.039 0.227 -0.170 0.207 0.176 0.143 0.018 0.114 0.087 0.031 0.103 
-0.032 -0.274 -0.006 0.048 -0.108 0.039 0.169 -0.268 -0.013 0.148 0.137 0.341 0.177 -0.251 0.002 -0.305 0.089 0.308 -0.388 0.016 0.010 0.240 -0.265 0.058 -0.237 -0.052 -0.032 -0.083 -0.080 -0.080 
-0.274 0.318 -0.050 0.142 -0.016 0.344 -0.123 -0.169 -0.000 0.133 0.084 -0.044 0.089 -0.052 0.247 0.117 0.092 0.257 -0.348 0.135 -0.197 -0.189 0.105 -0.238 0.340 0.095 -0.023 0.113 0.154 0.097 
0.161 -0.122 0.008 0.165 -0.043 0.394 -0.268 -0.016 0.042 0.229 -0.077 -0.322 -0.186 0.033 0.012 0.081 0.252 0.126 0.020 0.337 0.154 -0.096 0.103 0.260 -0.299 -0.121 0.086 -0.131 -0.227 -0.108 
0.220 -0.059 -0.052 -0.079 -0.085 0.050 0.024 0.144 0.064 0.266 0.005 -0.013 -0.085 0.103 -0.150 -0.269 0.584 -0.029 0.195 0.077 0.007 0.250 -0.103 -0.170 0.221 0.143 -0.142 0.159 0.315 0.134 
-0.255 0.155 0.018 -0.039 0.004 -0.199 0.152 0.192 0.039 0.144 0.177 0.135 0.098 0.245 0.081 0.130 0.558 -0.068 -0.070 -0.291 -0.105 -0.177 0.073 0.025 -0.094 -0.123 0.152 -0.149 -0.322 -0.131 
-0.042 -0.317 0.089 0.238 0.104 -0.178 -0.066 0.036 0.002 0.008 0.119 -0.043 0.083 0.207 0.122 0.350 0.088 -0.085 -0.288 -0.098 0.205 -0.102 -0.066 0.278 -0.168 0.103 -0.212 0.171 0.444 0.170 
0.253 0.082 -0.004 0.176 0.116 -0.344 -0.161 -0.098 0.008 0.055 0.077 -0.122 0.014 0.224 -0.073 -0.022 -0.042 -0.314 -0.449 0.300 0.099 0.204 -0.119 -0.190 0.252 0.006 0.113 -0.067 -0.260 -0.095 
-0.217 0.163 -0.063 -0.082 -0.077 -0.216 0.077 -0.180 0.022 0.107 -0.018 -0.062 -0.208 0.015 0.037 -0.416 -0.018 -0.354 -0.109 0.290 -0.273 -0.203 0.199 0.105 -0.352 -0.088 -0.085 0.017 0.237 0.082 
-0.226 -0.324 0.126 -0.153 -0.182 0.047 0.151 -0.293 0.042 0.157 -0.016 -0.126 -0.296 -0.136 0.390 0.028 0.018 -0.327 0.084 -0.092 0.141 -0.032 -0.154 0.092 0.327 0.178 0.035 0.052 -0.192 -0.062 
0.268 0.317 0.049 0.040 -0.057 0.136 -0.033 -0.369 0.066 0.190 0.118 0.078 0.069 -0.223 0.087 0.310 0.039 -0.346 0.120 -0.240 0.090 0.193 -0.011 -0.204 -0.242 -0.245 0.002 -0.110 0.177 0.053 
0.076 -0.149 -0.181 0.237 0.150 0.065 -0.072 -0.214 0.093 0.105 0.180 0.214 0.270 -0.200 -0.362 0.040 0.041 -0.254 0.180 0.029 -0.227 -0.211 0.204 0.223 0.127 0.304 -0.035 0.171 -0.183 -0.052 
-0.348 -0.134 -0.033 -0.259 0.318 0.082 0.000 -0.004 0.257 -0.080 0.365 -0.069 0.002 -0.102 -0.284 0.132 0.024 -0.051 0.092 0.291 0.092 -0.037 -0.250 -0.046 0.121 -0.300 0.079 -0.234 0.169 0.044 
0.049 0.177 0.153 -0.002 0.046 -0.044 -0.049 0.073 0.407 -0.224 0.535 -0.067 -0.223 -0.065 0.177 -0.068 -0.018 0.136 0.056 0.026 0.047 0.156 0.064 -0.069 -0.244 0.297 -0.109 0.287 -0.178 -0.045 
0.287 -0.159 -0.082 0.197 -0.334 -0.109 -0.079 0.019 0.273 -0.099 0.304 -0.130 0.010 -0.004 0.137 -0.221 -0.069 0.103 0.014 -0.213 -0.139 -0.164 0.149 0.144 0.295 -0.257 0.129 -0.318 0.180 0.044 
-0.155 0.021 -0.234 -0.179 -0.475 0.005 -0.074 -0.000 0.126 0.159 0.049 -0.448 0.301 0.094 -0.309 0.022 -0.154 -0.015 -0.082 -0.188 0.064 -0.067 -0.205 -0.109 -0.142 0.032 -0.098 0.217 -0.104 -0.024 
-0.377 0.089 0.307 0.324 -0.026 0.052 -0.078 0.213 0.066 0.383 0.024 -0.014 -0.048 0.014 -0.203 -0.121 -0.242 -0.048 0.044 -0.148 0.070 0.331 0.137 0.068 0.013 0.227 0.144 -0.281 0.106 0.023 
0.179 -0.031 0.046 -0.063 0.223 0.088 -0.036 0.362 0.054 0.525 0.100 0.164 -0.130 -0.033 0.101 -0.085 -0.306 -0.041 -0.072 -0.099 -0.080 -0.220 -0.153 -0.010 0.060 -0.330 -0.155 0.292 -0.101 -0.021 
0.192 -0.069 -0.383 -0.379 -0.014 0.039 0.084 0.223 0.013 0.226 0.113 0.111 0.065 0.005 0.210 0.160 -0.151 -0.034 -0.105 0.140 0.031 -0.032 0.115 -0.055 -0.131 0.454 0.185 -0.341 0.112 0.023 
-0.150 -0.065 -0.115 0.060 -0.385 -0.037 0.161 0.179 -0.004 0.019 0.090 0.226 0.151 0.036 0.126 0.233 -0.073 -0.061 0.113 0.403 0.094 0.335 0.344 0.078 0.110 -0.306 -0.115 0.208 -0.066 -0.014 
0.090 0.135 0.335 0.218 -0.368 -0.038 0.092 0.127 0.000 -0.024 0.024 0.206 0.068 0.023 0.005 0.123 -0.033 -0.039 0.199 0.344 -0.116 -0.336 -0.503 -0.057 -0.065 0.161 0.057 -0.103 0.032 0.007 
